"X"	"SRR2467275"	"SRR2467278"	"SRR2467282"	"SRR2467285"	"SRR2467290"	"SRR2467293"	"SRR2467297"	"SRR2467300"	"SRR2467303"	"SRR2467306"	"SRR2467309"	"SRR2467312"	"SRR2467315"	"SRR2467318"	"SRR2467322"	"SRR2467324"	"SRR2467328"	"SRR2467330"	"SRR2467333"	"SRR2467337"
"AB238928"	0.10417751849151	0.15625	0.455758114717652	0.0493924725871777	0	1.77737059092991	0.360936372073837	0.101902173913043	0	0	0.302915562287012	0	0	0	0	0.287088764742396	0	0.156976014065051	0.24116196218142	0.142675967025999
"AB547651"	0.11459527034066	0	0.0555802578923966	0.414896769732293	0	0	0	0	0	0	0	0	0.522427046794537	0	0	1.46648044692737	0	0	0.0383666758015895	0.49143944197844
"AB554230"	0	0	0	0	0	0	0	0	0	0	0	0.188205771643664	0	0	0	0.178460583488516	0	0	0	0.673747622067216
"AB910742"	0.520887592457548	0	0.0778123610493553	0	0	0	0	0	0	0	0	0	0.246287036345996	0	0.460282108389013	0	0	0	0.0328857221156481	0
"ABOU02000049"	0	0.09375	0	0	0	0	0.134062081055997	0.36231884057971	0	0	0	0	0	0	0	0.100869025450031	0.216832637327337	0	0	0
"ACCH01000108"	0	0	0.177856825255669	0	0	0	0	0	0	0	0.170390003786445	0	0	0	0	2.72346368715084	0	0	0.164428610578241	0
"AF192152"	0	0	0	0.167934406796404	0	0	0.309374033206146	0	0	0	0	0	0	0	0	0	0	0	0	0
"AQHX01000008"	0.125013022189811	0	0	0.0296354835523066	0	0	0	0.0566123188405797	0	0	0.302915562287012	0	0	0.465900875572335	0	0	0	0	0.0438476294875308	0.396322130627774
"ARFY01000032"	0	0	0	0	0	0	0.0206249355470764	0	0	0	0.141991669822037	0.448108980103961	0	0	0	0.279329608938547	0	0	0	0
"CP001104"	0.0833420147932076	0.8125	0.500222321031569	0.276597846488195	0.309663641217298	0.229042601923958	0.866247292977209	0	0	0.934023944977499	0	1.26366732389317	0.104485409358907	0.232950437786168	0.601336302895323	0.100869025450031	0	0.0439532839382142	0.356261989586188	0.0634115409004439
"FP929032"	0.364621314720283	0	0.266785237883504	0.138298923244098	0.106780565936999	0.100778744846541	0.164999484376611	0.554800724637681	0	0.271716056720727	1.99734948882999	0.107546155224951	0	0	0	0	0	0.0439532839382142	0.306933406412716	0.261572606214331
"FR733670"	0	0	1.92307692307692	0	0	0	0	0	0	0	0	0	2.67184118217777	0	1.48478099480327	0	0	0	0	1.0859226379201
"G000020605"	0	0.739583333333333	0	0	0	0	0	0.147192028985507	0	0	0	0	0	0	0	0	0	0	0	0
"G000153885"	0	0	0	0	0	0	0	0.0905797101449275	0	0	0	0.313676286072773	0	0	0	0.170701427684668	0	0	0.246642915867361	0.0792644261255549
"G000153925"	0.0520887592457548	0	0.188972876834149	0.197569890348711	0	0	0	0	0.12977819726286	0	0	0.600466033339308	0.276140010448541	0.249015985219696	0	0	0	0.470928042195153	0	0
"G000154245"	0	2.86458333333333	3.40151178301467	0	0	0.989464040311498	0.866247292977209	0.554800724637681	0	0	0	0	0	0	1.70007423904974	0	0	1.45045836996107	0.394628665387778	0
"G000154425"	0	0	0	0	0	0	0	0	0	0	0	0	0	0	0.734966592427617	7.991930477964	0	0.0753484867512244	5.7659632776103	0.380469245402663
"G000154445"	1.34388998854047	0	0	0	0	0	0.278436629885532	1.01902173913043	0	1.47745605841895	0	1.47875963434307	0.194044331666542	0	0	0.473308504034761	0	0.0627904056260203	0	0
"G000154525"	0	0	0	0	0	0.439761795693999	0	0	0	0	0	0	0	0.988031167162021	0	0	0	0	0.20279528637983	0
"G000156015"	0	0	1.36727434415296	0	6.15056059797117	0	0	0	0	0	0.066262779250284	0	2.08224494365251	0	1.10616184112843	0	0	0	0.575500137023842	3.46385542168675
"G000157935"	0	0	0	4.32678059863677	0	1.19102153000458	0	0	0	0	0	0	0	0	1.40311804008909	0	0	0.219766419691071	0.328857221156481	3.32117945466075
"G000160055"	0	4.8125	0.0444642063139173	0	0	0	0	0.339673913043478	0	0.40757408508109	0	0	0	0.265081532653225	0	1.25698324022346	0	0.778601029762652	0.575500137023842	0
"G000162015"	0	0	0	0	0.160170848905499	0	0	0.917119565217391	0	0	0	0	0	0	0	0	0	0.690694461886224	0	0
"G000210555"	0.208355036983019	0	0.611382836816363	0	0	0	0.350623904300299	0	0	0.399082958308568	0	0.412260261695644	0	0	0	0	0	0	0	0
"G000210635"	0	0	0.555802578923966	0	1.12119594233849	0	0	0	0	0	0	0	0	1.80737408627199	0	0	0	0	0.109619073718827	0
"G000225345"	0	0.375	0	0.167934406796404	0.662039508809397	0	0	0	0	0	0	0.241978849256139	0.858273005448168	0.586392481323801	0.185597624350408	0	0.353356890459364	0.113022730126837	0.109619073718827	0.681674064679772
"G000235885"	0	2.27083333333333	0	0	0	0	0	0	0	0	0	0	0.940368684230166	0	0	0	0	0	0	0
"G000236865"	0.0937597666423586	0	0.122276567363273	0.0493924725871777	0	0	0	0	0	0	0	0.259903208460298	0	0.192786569202346	0.089086859688196	0	0	0	0	0.110970196575777
"G000265365"	0	0	0	0	0	0	0.0412498710941528	0	0	0	0	0.197167951245743	0	0.546228612739979	0	0.271570453134699	0	0	0	0
"G000296465"	1.5939160329201	0	0	0.0790279561394844	0	0	0	0	0	0	0	0.179243592041585	0	0	0.0148478099480327	1.20266914959652	0	0	0	0
"G000312145"	0	0	0	0	0	0	0	0.147192028985507	0	0	0.151457781143506	0	0	0	0	0	0	0	0	0
"G000411515"	0.0312532555474529	0	0	0	0	0	0	0	0	0	0.160923892464975	0	0	0	0.0519673348181143	0	0	0	0.279528637983009	0
"G000431455"	0	0	0	0	0	0	0.164999484376611	0	0.25955639452572	0	0	0.152357053235347	0	0	0	0	0	0	0	0
"G000433315"	0.666736118345661	0	0	0	0	0	0	0	0.0235960358659745	0	0	0	0.567206507948354	0	0.126206384558278	0	0	0	0.131542888462592	0
"G000434535"	0	0	0	0.256840857453324	0.288307528029899	0	0	0	0	0	0	0	0	0	0	0	0	0	0	0
"G000723465"	0.10417751849151	0	0	0.889064506569199	0.0854244527495996	0	0	0	0	0	0	4.36458146621258	0	0	0	0	0	0	0	0
"G000752095"	0	0	0.911516229435305	1.11626988047022	0.149492792311799	0.586349060925332	0	0	0.684285040113261	0.602870000849113	0	0.179243592041585	0.320919471602358	0.562294160173508	0.3637713437268	0.535381750465549	0	0.753484867512244	0.422033433817484	0
"G000765235"	0.125013022189811	0.302083333333333	0	1.17554084757483	0.149492792311799	0.586349060925332	0	0.350996376811594	0.353940537989618	0.416065211853613	0	0	0.686618404358534	0.281147080086754	0	0.907821229050279	0	0.514881326133367	0	0.98287888395688
"G000813025"	0	0	0	0	0	0	0.40218624316799	0	0	0	0	0	0	0	0	0	0	0	1.43600986571663	0.0871908687381103
"G001314995"	0	0.416666666666667	0.188972876834149	0	0.138814735718099	0	0	0	0	0	0	0	0	0	0.0816629547141797	0	0	0	0	0
"G001318345"	0.750078133138869	0.145833333333333	0	0	0	0	0	0	0.530910806984427	0.467011972488749	0	0	0.141801626987089	0	0	0.752638112973309	0	0.194650257440663	0.219238147437654	0
"G001405615"	0	0.572916666666667	0	1.17554084757483	1.04644954618259	0	0	0	0	3.08227901842575	0	4.92919878114357	0	2.04835729777492	0	0.26381129733085	0.682621265660135	0	0.301452452726774	2.43341788205453
"G001406335"	0	0.739583333333333	0.477990217874611	0	0	0	0.474373517582758	2.04936594202899	0.294950448324681	0	0	0.286789747266535	0.850809761922532	0.53016306530645	0.690423162583519	0	0.224863475746868	0.477207082757755	0.580981090709783	0.285351934051997
"G001406535"	3.87540368788415	0.135416666666667	0.0889284126278346	0.0493924725871777	0.181526962092899	0	0.154687016603073	0.611413043478261	0	0	0	0.0896217960207923	0	0	0.103934669636229	0.0620732464307883	0	0	0.164428610578241	0.0475586556753329
"G001414325"	0.135430774038962	0	0	0.237083868418453	0	0	0	0	0.483718735252478	0	0	0	0	0.337376496104105	0	0	0	0	0	0.118896639188332
"G001481375"	0	0	0.188972876834149	0	0	0	0	0	0.0825861255309108	0	0	0.0268865388062377	0.141801626987089	0	0	0	0.040154192097655	0.0188371216878061	0.0219238147437654	0
"G001643385"	0	0	0	0	0	0	0.195936887697226	0	0.0943841434638981	0.0934023944977499	0	0.367449363685248	0	0	0.0519673348181143	0	0	0	0	0
"G001701255"	0	0	0.0444642063139173	0	0	0	0	0	0	0	0	0	0	0	0	1.80012414649286	0	0	0.115100027404768	0.998731769181991
"G001765415"	0	0	0	0	0.128136679124399	0	0.134062081055997	0	0	0	0	0	0	0	0	0	0	0	0	0
"G001916615"	0	0.0625	0.133392618941752	0	0.0640683395621997	0	0.0721872744147675	0	0	0.229260422858113	0	0	0	0	0	0.131905648665425	0	0	0	0
"G003150645"	0	0.0833333333333333	0	0	0	0.119102153000458	0	0.169836956521739	0.235960358659745	0	0	0.322638465674852	0.216434062243451	0	0.0371195248700817	0	0	0	0	0.0317057704502219
"G003324125"	0	1.07291666666667	0.289017341040462	0.810036550429715	0.982381206620395	0.723774622079707	3.06280292874085	2.17391304347826	0	3.71911352636495	0	1.2098942462807	0	2.91589685918548	1.37342242019302	1.62942271880819	1.89527786700932	0.634183096822805	1.81967662373253	0.943246670894103
"G003343725"	0.166684029586415	0	0	0.0395139780697422	0	0	0	0	0	0	0	0	0	0.112458832034702	0	0	0	0.0376742433756122	0	0
"G003435925"	0	0.635416666666667	0	0.651980638150746	0.363053924185798	0.59551076500229	1.30968340723935	0	2.25342142520057	0	0	0.725936547768417	0	0.265081532653225	1.06904231625835	2.77001862197393	0.216832637327337	0	0.575500137023842	0.237793278376665
"G003477605"	0.0416710073966038	0.479166666666667	0	0	0.138814735718099	0	0.11343714550892	0	0.448324681453516	0.101893521270273	0.889814464218099	0.295751926868614	0.156728114038361	0.417704233271749	0.155902004454343	0.418994413407821	0.835207195631224	0	0.383666758015895	0.0475586556753329
"G003478355"	0	0	0.100044464206314	0	0	0	0	0	0	0	0	0	0.0373162176281812	0.152622700618524	0.0965107646622123	0	0	0	0.115100027404768	0
"G003481355"	0	0	0	0	0	0	0	0	0	0	0	0	0	0.136557153184995	0.215293244246474	0	0	0	0	0
"G003481395"	0	0	0	0	0.715429791777896	0	0.123749613282458	0	0	0	0	0	0	0	0.089086859688196	0	0	0	0	0.150602409638554
"G003490145"	0	0	0	0	0	0.0366468163078333	0.051562338867691	0.147192028985507	0	0	0	0	0	0	0.111358574610245	0.0387957790192427	0	0	0	0.190234622701332
"G003524985"	0	0	0	0	0.128136679124399	0	0	0	0	0	0	0	0.0820956787819987	0	0	0	0	0	0.734447793916141	0
"G003539625"	0.10417751849151	0.135416666666667	0	0	0	0	0	0.0226449275362319	0	0	0	0	0.141801626987089	0	0.066815144766147	0	0	0	0.0328857221156481	0.174381737476221
"G004558765"	0.687571622043963	0.09375	0.144508670520231	0	0	0	0.144374548829535	0	0	0	0	0	0.171654601089634	0	0	0	0	0	0.0274047684297068	0.206087507926443
"G004558915"	2.39608292530472	0.114583333333333	3.66829702089818	0.0691494616220488	0.0320341697810998	0	4.1559245127359	0.373641304347826	0.0235960358659745	0	1.32525558500568	0	0.485110829166356	0	0.207869339272457	0	0	0.144417932939847	0.24116196218142	0.277425491439442
"G008667375"	0	0	0	0	0	0	0	0	0	0	0	0.654239110951783	1.3583103216658	1.98409510804081	0.356347438752784	0	0	1.87115408765541	0.197314332693889	0
"G008680475"	0	0.0729166666666667	0	0	0	0	0.103124677735382	0	1.09721566776782	0	0	0	0	0	0	0.0698324022346369	0	0	0.268566730611126	0
"G900066395"	0	0.697916666666667	0	0.256840857453324	0	0	0	0	11.6682397357244	0	0	0.0985839756228715	0	0	0	0	0	2.1662689940977	0.28500959166895	0
"G900066525"	0	0	0	0	0	0.320659642693541	0	0	0	0	0	0.170281412439505	0	0	0	0	0	0.546276528946377	0	0
"G900066845"	0	0	0	0	0	0	0	0	0	0.271716056720727	0	0	0	0.27311430636999	0	0	0	0	0.0109619073718827	0.0634115409004439
"G900116045"	0	0	0	0	0	0	0	0	0	0	0.33131389625142	0	0.350772445704903	0	0	0	0	0	0.0493285831734722	0
"G900128485"	0	0.270833333333333	0	0	0	0.1099404489235	0	0	0	0	0	0	0.619449212627808	0	0	0	0	0	0.0274047684297068	0.150602409638554
"G900538515"	0	0	0	0	0.149492792311799	0	0	0	0	0.0424556338626136	0.198788337750852	0	0	0	0	0.217256362507759	0	0	0	0
"G900538815"	0	0.25	1.12272120942641	0	0	0	0.0412498710941528	0.328351449275362	0	0	0	0	0.320919471602358	0	0.348923533778768	0	0	0	0	0.0951173113506658
"G900539055"	0.270861548077925	0.46875	0	0.0790279561394844	0	0	3.50623904300299	0.339673913043478	0.141576215195847	0	10.5357819007952	2.94855708908407	0.656765430255989	0	0	0	0	1.83347984427979	0.268566730611126	0
"G900539085"	0	0	0.16674077367719	0	0	0	0	0	0	0.144349155132886	0	0	0.231360549294723	0	0	0	0	0	0	0.0317057704502219
"G900539545"	0	0	5.51356158292574	0	0.0213561131873999	0	0	0	0.153374233128834	0	0	0	0	0	0	0	0	0	0.0548095368594135	0
"G900539795"	0	0	0	0	0	3.1424644983967	0.886872228524286	0	0	0	0	0	0.141801626987089	0	0	0	0	0	0.0383666758015895	0
"G900539925"	6.10480258360246	0.208333333333333	0.0666963094708759	0.0493924725871777	0	0	0.299061565432608	0	0	0.152840281905409	0	0	0	0	0.0965107646622123	0	0	0	0.142504795834475	0.689600507292327
"G900540045"	0	0.09375	0.177856825255669	0	0	0	0.257811694338455	0	0.224162340726758	0	0.0567966679288148	0.134432694031188	0	0.168688248052052	0	0	0	0	0	0
"G900541615"	0.406292322116887	0.354166666666667	0.789239662072032	0.148177417761533	0	0.0549702244617499	0.629060534185831	0.113224637681159	0.389334591788579	0.135858028360363	1.37258614161303	0	0.328382715127995	0.0642621897341152	0.608760207869339	0	0	0.113022730126837	0.169909564264182	0.523145212428662
"G900542245"	0	0.177083333333333	0.277901289461983	0	0	0	0.11343714550892	0.0679347826086956	0	0.0509467606351363	0.265051117001136	0	0.149264870512725	0	0.0965107646622123	0.147423960273122	0	0.0313952028130102	0.0548095368594135	0
"G900545235"	0.0833420147932076	0	0	0	0	0	0.11343714550892	0	0	0	0	0	0	0	0.170749814402376	1.90099317194289	0	0	0	0.0713379835129994
"G900545585"	0	0	0.300133392618942	0	0	0	0	0	0	0.0934023944977499	0	0	0.611985969102172	0.0722949634508796	0	0	0	0	0	0
"G900552765"	0	0	1.81191640729213	0.0889064506569199	0	0	2.73280395998763	0.577445652173913	0	0.203787042540545	0	0	0.261213523397268	0	0.200445434298441	0	0	2.72510360416928	0.180871471636065	0
"G902363055"	0	0.229166666666667	0.144508670520231	0	0.288307528029899	0.568025652771415	0	0.283061594202899	0	0.28020718349325	0	0.439146800501882	0.201507575192179	0.498031970439393	0.408314773570898	0.341402855369336	0	1.29348235589602	0.652233488627021	0.126823081800888
"G902363825"	0	0.208333333333333	0	0	0.0854244527495996	0	0	0.215126811594203	0.0589900896649363	0	0	0	0.186581088140906	0	0	0	0	0.383021474318724	0.60838585913949	0
"G902387315"	0	0	0	0.108663439691791	0	0.137425561154375	0.0721872744147675	0	0.0825861255309108	0.101893521270273	0.11359333585763	0.188205771643664	0	0	0	0.116387337057728	0	0.113022730126837	0	0
"GB-GCA-000980215.1-LARH01000082.1"	0	0	0.611382836816363	0	0.950347036839295	0.888685295464956	2.52655460451686	4.48369565217391	0	0	0	1.05753719304535	0	1.82343963370552	0	1.51303538175047	2.39318984902024	0	1.69361468895588	0.562777425491439
"GB-GCA-000980245.1-LARE01000133.1"	0	0	0	0	0.213561131873999	0.210719193770041	0	0	0	0	0	0	0	0	0	0	0	0	0	0
"GB-GCA-000980395.1-LARI01000033.1"	0.135430774038962	0.145833333333333	0.511338372610049	0.158055912278969	0	0	0.237186758791379	0	0.684285040113261	0.653816761484249	0.312381673608482	0	0.798567057243078	0	0.423162583518931	0	0	0.521160366695969	0.131542888462592	0
"GB-GCA-000980425.1-LARJ01000053.1"	0.354203562871132	0	0.177856825255669	0.35562580262768	0	0.448923499770957	0	0	0.412930627654554	0.1868047889955	0.795153351003408	0.591503853737229	0.350772445704903	0.265081532653225	0.460282108389013	0.434512725015518	0.971731448763251	0.514881326133367	0.40559057275966	0.221940393151554
"GB-GCA-001643435.1-LWLJ01000011.1"	0	0	0	0	0	0	0	0	0	0.271716056720727	0	0	0	0	0	0	0	0.571392691196785	0	0
"GB-GCA-003096855.1-QEOA01000010.1"	0	0.166666666666667	0.233437083148066	0.405018275214857	0.256273358248799	0.0641319285387082	0.340311436526761	0	0	2.08881718604059	0	0.250941028858218	0.0597059482050899	0	0	0	0	0	0.570019183337901	0
"GB-GCA-003202935.1-BFBU01000001.1--5"	0	0	0.211204979991107	0	0	0	0	0.0905797101449275	0.224162340726758	0	0	0	0	0	0	0	0	0	0.230200054809537	0
"GB-GCA-003202935.1-BFBU01000001.1--6"	0	0	0	0	0	0.320659642693541	0	0	0	0	0	0.152357053235347	0	0.0722949634508796	0	0	0	0	0.093176212661003	0.0713379835129994
"GB-GCA-003463945.1-QSEF01000018.1"	0.166684029586415	0	0	0	0.202883075280299	0.229042601923958	0	0	2.18263331760264	0	0	0	0.425404880961266	0	0	0	0	0	0	0
"GB-GCA-003463985.1-QSEI01000001.1"	0.10417751849151	0	0	0	0	0	0	0	0	0	0	0	1.41801626987089	0	0	0	0	0	0.0712523979172376	0.0634115409004439
"GB-GCA-003477505.1-QUDN01000082.1"	0	0	0.0889284126278346	0	0	0.412276683463124	0.0824997421883057	0	0.25955639452572	0	0	0.0896217960207923	0	0	0	0	0	0	0	0
"GB-GCA-003479765.1-QUHT01000082.1"	0	0.28125	0	0	0	0	0.309374033206146	0.41893115942029	0	0	0	0	0	0	0	0	0	0	0	0
"GB-GCA-003480465.1-QUJC01000028.1"	0	0	0	0.306233330040502	0.309663641217298	0	0	0	0.0943841434638981	0.1868047889955	0	0	0	0.538195839023215	0.178173719376392	0	0	1.07999497676755	0.175390517950123	0
"GB-GCA-003481005.1-QUKC01000014.1"	0	0.0625	0	0.46428924231947	0	0.76042143838754	0.412498710941528	0.203804347826087	0.542708824917414	0.679290141801817	0	0	0	0.634589123624388	0	0.26381129733085	0	1.82720080371719	0.460400109619074	0.0634115409004439
"GB-GCA-003584705.1-AP018536.1--4"	0	0.364583333333333	0	0.395139780697422	0.320341697810998	0	0.639373001959369	0	0	0.220769296085591	0	0	0	0	0	0.558659217877095	0.208801798907806	0.483486123320357	0.575500137023842	0
"GB-GCA-004553155.1-SFME01000100.1"	0	0	0	2.10411933221377	0	0.632157581310124	0	0	0	0	0	0	0	0	0	0	0	0	0	0
"GB-GCA-004556565.1-SFGN01000289.1"	0	0	0.277901289461983	0	0	0	0	0	0	0	0	0	0	0	0	0.612973308504035	0	0	0.0657714442312962	0
"GB-GCA-004559325.1-SFYO01000042.1"	0	0	0	0	0	0	0	0	0	1.72369873482211	0	0	0	0	0.519673348181143	3.91837368094351	0	0	0	0
"GB-GCA-008662295.1-RPZC01000051.1"	0	0.239583333333333	0.48910626945309	0	0	0	0.505310920903372	0.249094202898551	1.13260972156678	0	0.388110564180235	0	0	0.4739336492891	0.215293244246474	0	0	0	0	0.134749524413443
"GB-GCA-008662295.1-RPZC01000090.1"	3.07323679549953	0	0.16674077367719	0	0	0.146587265231333	0.567185727544601	0.36231884057971	0.766871165644172	0.331153944128386	0	0	0.373162176281812	0.851474013977026	0.14105419450631	0.457790192427064	0	0.156976014065051	0.454919155933132	0.221940393151554
"GB-GCA-008667415.1-RQED01000295.1"	0	0	0	0	0	0	0	0.317028985507246	0	0.31417169058334	1.1359333585763	0	0	0	0	0	0	1.03604169282934	0.252123869553302	0
"GB-GCA-008669045.1-RQAJ01000001.1"	0.906344410876133	1.73958333333333	0	0.167934406796404	0	1.37425561154375	1.19624626173043	0	0	0	3.70124952669443	2.88582183186951	0.328382715127995	0	0.80920564216778	0	0	0	0.356261989586188	0.0951173113506658
"GB-GCA-008671775.1-RPXR01000060.1"	0	0.114583333333333	0	0	0.640683395621997	0	0	0.0452898550724638	0	1.15479324106309	0.312381673608482	0	0.0895589223076349	0	0	0.0543140906269398	0	0.0251161622504081	0	0.134749524413443
"GB-GCA-008672535.1-RPWD01000291.1"	0	0	0	0.187691395831275	0.533902829684997	0	0	0.113224637681159	0.165172251061822	0.237751549630636	0	0	0.0820956787819987	0.0963932846011728	0.044543429844098	0.310366232153942	0.144555091551558	0.288835865879694	0.0822143052891203	0.166455294863665
"GB-GCA-008673455.1-RPUK01000107.1"	1.91686634024378	0.28125	0.955980435749222	0.503803220389213	5.58462359850507	0	0	4.67617753623188	0	6.0541733888087	0	0	0.104485409358907	6.35392400996064	0	0	0	0.671857340198418	1.07974787613045	4.01077996195307
"GB-GCA-008679275.1-NANM01000001.1--2"	0	0.260416666666667	0.222321031569586	0	0.597971169247197	0	0	0.452898550724638	1.58093440302029	0.365118451218477	0.672093903824309	0	0	0.963932846011728	0.319227913882702	0	0.465788628332798	0	0.290490545354892	0.301204819277108
"GB-GCA-008679275.1-NANM01000001.1--7"	0	0	0	0.197569890348711	0	0.824553366926248	0	0	0.519112789051439	0	0.123059447179099	0	0.0895589223076349	0.739015181942325	0.58648849294729	0	0.827176357211693	0.207208338565867	0	0
"GB-GCA-008679485.1-NANC01000003.1--2"	0	0	0	0	0	0	0	0	0	0	0	0	0	0.192786569202346	0	0	0	0.144417932939847	0	0
"GB-GCA-008679555.1-NAMY01000003.1"	0	0	0	0.0592709671046133	0.0533902829684997	0	0.195936887697226	0	0.283152430391694	0	0	0	0.0223897305769087	0	0	0	0	0.131859851814643	0	0.110970196575777
"GB-GCA-008679615.1-NAMU01000011.1"	0	0	0.233437083148066	0	0	0	0.103124677735382	0	0	0.212278169313068	0.567966679288148	0.161319232837426	0.0820956787819987	0.168688248052052	0	0	0	0	0.274047684297068	0.118896639188332
"GB-GCA-008679835.1-NAMK01000004.1--2"	0	0	0	0	0	0	0	0	0.224162340726758	0	0	0.224054490051981	0	0	0	0	0	0	0	0.0634115409004439
"GB-GCA-008679925.1-NAMG01000004.1"	0	0	0	0	0	0.174072377462208	0	0	0	0	0	0	0	0	0	0	0	0	0.235681008495478	0
"GB-GCA-008679975.1-NAMD01000018.1"	0	0	0	0	0	0	0.371248839847376	2.58152173913043	0	0.611361127621635	0	0	0	0	0.311804008908686	0	0	0	0	0
"GB-GCA-008680015.1-NALZ01000005.1--2"	0	0	0	1.4718956830979	8.17939135077416	6.64223545579478	0.350623904300299	0	0	0	0	0	0	0	0	0	0	0.357905312068316	0.438476294875308	0.626188966391883
"GB-GCA-008680015.1-NALZ01000012.1"	0	0	0	1.23481181467944	2.56273358248799	0	0	0	0	0	0	0	0	0	0	0	0	0	0	0
"GB-GCA-008680095.1-NALV01000006.1"	0	0	0	0	0.822210357714896	0	0.340311436526761	0.939764492753623	0	0	0	0.761785266176734	0	0	0	0	0	0	0	0
"GB-GCA-008680155.1-NALT01000008.1"	0	0	0	0	0	0	0	0	0.589900896649363	0.212278169313068	0	0	0	0	0	0	0	0	0	0
"GB-GCA-008680155.1-NALT01000013.1"	0.333368059172831	0	0	0.938456979156377	0	0	0	0.690670289855073	0	0.738728029209476	0	0	0	0.409671459554984	1.5441722345954	1.24146492861577	0	0.791159110887856	0.641271581255138	1.16518706404566
"GB-GCA-008680295.1-NALN01000004.1"	0	0	0	0	0.202883075280299	0	0	0	0	0	0	0	0	0	0	0	0	0	0.180871471636065	0
"GB-GCA-008680325.1-NALL01000010.1"	0	0.291666666666667	0	0.365504297145115	0	0	0	0	0	0	0	0	0	1.4218009478673	0.438010393466964	0	0.626405396723418	0	0.290490545354892	0
"GB-GCA-008680375.1-NALJ01000004.1"	0	0	0	0.513681714906648	0	0	0	0	0	0	0	0.107546155224951	0	0	0.497401633259094	0	0	0	0	0
"GB-GCA-008680375.1-NALJ01000010.1"	0	0	0	0	0.427122263747998	0	0.247499226564917	0	0	0	0	0	0	0	0	0	0	0	0	0
"GB-GCA-008680445.1-NALG01000006.1"	0	0	0	0.46428924231947	0	0	0.835309889656595	0	0	0	0	0.6900878293601	0.410478393909993	0	0	0	1.6061676839062	0	0.180871471636065	0
"GB-GCA-008680545.1-NALA01000018.1"	0.687571622043963	0	0	0	0	0	0	0	0	0	0	0	4.17195313083066	0	0	0	0	0	0	0
"GB-GCA-008680655.1-NAKT01000001.1"	0	0	0	0.325990319075373	0	0	0	0.317028985507246	0	0	0	0	0	0.176721021768817	0	0	0	0	0	0.237793278376665
"GB-GCA-008680675.1-NAKS01000003.1--2"	0	0	0.177856825255669	0	0	0	0	0	0	0	0	0.0537730776124754	0	0	0	0.162942271880819	0	0	0.175390517950123	0.110970196575777
"GB-GCA-008680835.1-NAKM01000008.1"	0	0	0	0	0.160170848905499	0	0	0	0.153374233128834	0.237751549630636	0	0.188205771643664	0	0	0	0	0	0	0	0
"GB-GCA-008680835.1-NAKM01000012.1"	0	0	0.100044464206314	0.148177417761533	0	0.16491067338525	0	0	0	0	0	0	0	0	0	0	0.232894314166399	0.33906819038051	0	0
"GB-GCA-008680875.1-NAKL01000004.1"	0.739660381289718	0	0	0.345747308110244	0	0	0.629060534185831	0	0	0.568905493759022	0	0.681125649758021	0.738861109037988	0	0	0	0	0	0	0
"GB-GCA-008680935.1-NAKH01000009.1--2"	0	0	0	0	0	0	0	0	0.25955639452572	0	0.870882241575161	0	0	0	0.593912397921307	0	0	0.891623759889489	0.378185804329953	0.261572606214331
"GB-GCA-008680965.1-NAKE01000001.1"	0	0.25	0	0	0	0	0	0	0	0	0	0	0	0	0	0	0	0.420695717694336	0	0
"GB-GCA-008680995.1-NAKC01000005.1"	0	0	0	0	0.128136679124399	0	0	0	0.235960358659745	0	0	0	0	0	0	0.116387337057728	0	0	0.383666758015895	0
"GB-GCA-008681005.1-NAKF01000009.1"	0	0	0.222321031569586	0	0	0	0	0	0	0	0	0	0.335845958653631	0.176721021768817	0.163325909428359	0	0	0	0	0
"GB-GCA-008681005.1-NAKF01000009.1--2"	0	0.0729166666666667	0.0778123610493553	0.276597846488195	0.480512546716498	0.448923499770957	0	0.600090579710145	0	1.03591746624777	0	0.0448108980103961	0.328382715127995	1.63868583821994	0.193021529324425	0	0.313202698361709	0.125580811252041	0.356261989586188	0
"GB-GCA-008681055.1-NAKB01000003.1--3"	0	0	0	1.0273634298133	0	0	0	0	0.908447380840019	0	0	0	0	0.899670656277613	0	0	0	0	0.131542888462592	0
"GB-GCA-008681115.1-NAJX01000022.1"	0	0	0.0555802578923966	0	0	0	0	0	0	0	0	0	0	0	0.22271714922049	0	0	0.477207082757755	0	0
"GB-GCA-008681125.1-NAJY01000004.1--2"	0	0	0	0	0	0.201557489693083	0	0	0	0.271716056720727	0	0	0	0	0	0	1.57404433022808	0	0	0
"GB-GCA-008681155.1-NAJW01000005.1"	0	0	0.867052023121387	0	0	0	0	0.30570652173913	0	0	0	0.0448108980103961	0	0.0562294160173508	0	0	0	0	0	0.103043753963221
"GB-GCA-008681165.1-NAJV01000004.1"	0	0.0833333333333333	0	0.0790279561394844	0	0.0641319285387082	0.195936887697226	0	0.283152430391694	0.551923240213976	0	0.0985839756228715	0.029852974102545	0.120491605751466	0.0519673348181143	0.201738050900062	0.144555091551558	0.226045460253673	0.28500959166895	0.142675967025999
"GB-GCA-009739305.1-SCPK01000001.1--4"	0	0	0	0	0	0	0	0	0	0	0	0	0	0	4.12026726057906	0	0	0	0.164428610578241	0
"GB-GCA-009739355.1-SCPI01000001.1--2"	0.125013022189811	0	0	0	0	0	0	0.928442028985507	0	0	1.12646724725483	0	0	1.01212948831231	0	1.31905648665425	0	0	0	0
"GB-GCA-009875325.1-WWRL01000077.1"	0	0	0.555802578923966	1.9460634199348	0	0.668804397617957	0	0.509510869565217	0	0	0	1.3353647607098	0	0.297212627520283	0	0	0	0	0.948204987667854	0
"GB-GCA-014868765.1-WHEU01000011.1"	0	0	0.155624722098711	1.69910105699891	0.117458622530699	0	0	0	0	0	0	0	0	0	0	0	0.072277545775779	0	0	0
"GB-GCA-015553565.1-JADNGW010000081.1"	0	0	0	0	0.790176187933796	0	0	0	0	1.120828733973	0	1.77451156121169	0	0	0	0	3.55766141985223	0	0.783776377089614	0
"GB-GCA-015554585.1-JADNIT010000076.1"	0.11459527034066	3.10416666666667	0	4.69228489578188	1.23865456486919	1.63994502977554	5.65123233989894	8.89945652173913	0	5.03523817610597	0	4.21222441297724	0.104485409358907	5.5506466382842	0.846325167037862	0.612973308504035	4.76228718278188	5.93369333165892	3.14606741573034	2.26696258719087
"GB-GCA-015656085.1-DVEJ01000014.1"	0	0	0	0.0296354835523066	0	0.0458085203847916	1.25812106837166	0	0	0	0	0	0	0	0.215293244246474	0	0	0	0.0876952589750617	0
"GB-GCA-016742415.1-JAEPEL010000544.1"	0.281279299927076	0.145833333333333	0	0	0.138814735718099	0.265689418231791	0.319686500979684	0.0566123188405797	0	0.152840281905409	0.0946611132146914	0.510844237318516	0.343309202179267	0	0	0.155183116076971	0	0	0.0876952589750617	0
"GB-GCA-017850375.1-JAFIMH010000032.1"	0	0	0	0	0	0	0	0	0	0.254733803175681	0	0	0	0.20081934291911	0	0	0	0.175813135752857	0	0
"GB-GCA-017850905.1-JAFILG010000100.1"	0	0	0	0	0	0	0	0	0	0	0	0	5.17949100679155	0	0	0	0	0	0.301452452726774	0
"GB-GCA-017851095.1-JAFIKW010000110.1"	0	0	0	0	0	0	0	0.271739130434783	1.05002359603587	0	1.68496781522151	0	0	0	0	0	0	0.282556825317092	0.0986571663469444	0
"GB-GCA-017851145.1-JAFIKU010000077.1"	0	0.635416666666667	0.133392618941752	0	0.181526962092899	0	0	0.283061594202899	0	0	0	0.206130130847822	0	0	0	0	0	0	0	0
"GB-GCA-017851155.1-JAFIKT010000134.1"	0	0	0	0	0	0	0	0.135869565217391	0	0	0	0	0	0	0	0	0	0.263719703629285	0	0
"GB-GCA-017851495.1-JAFIKD010000415.1"	0	0	0	0	0.234917245061399	0	0	0.41893115942029	0.294950448324681	0	0.596365013252556	0.250941028858218	0	0.176721021768817	0	0	0	0	0.131542888462592	0
"GB-GCA-018063905.1-JAGPAM010000076.1"	0	0	0.133392618941752	0	0	0	0.0824997421883057	0.0339673913043478	0.0707881075979236	0	0.265051117001136	0	0.104485409358907	0	0	0	0	0.0376742433756122	0	0
"GB-GCA-018223365.1-JAGTTP010000001.1--2"	0	0.229166666666667	0.0889284126278346	0.118541934209227	0.149492792311799	0.137425561154375	0	0.113224637681159	0	0	0	0.188205771643664	0	0.112458832034702	0	0.0775915580384854	0	0	0.126061934776651	0.0792644261255549
"GB-GCA-018223385.1-JAGTTR010000033.1"	0	0.0729166666666667	0.0889284126278346	0.128420428726662	0.0854244527495996	0.100778744846541	0	0.0566123188405797	0	0.0679290141801817	0	0	0.0447794611538175	0.0963932846011728	0	0.100869025450031	0	0	0.0657714442312962	0.0634115409004439
"GB-GCA-018223435.1-JAGTTO010000001.1"	0	0	0	0	0	0	0.309374033206146	0.215126811594203	0	0.0849112677252271	0	0	0	0.0642621897341152	0	0	0	0	0	0
"GB-GCA-018223435.1-JAGTTO010000001.1--4"	0	0.15625	0	0	0	0	0	0	0	0.101893521270273	0	0.0896217960207923	0.0671691917307262	0.136557153184995	0	0	0	0.0816275273138264	0	0.0871908687381103
"GB-GCA-018223435.1-JAGTTO010000001.1--7"	0	0	0	0.118541934209227	0	0	0	0	0.0943841434638981	0	0.33131389625142	0	0.0820956787819987	0	0	0.349162011173184	0	0	0	0
"GB-GCA-018228645.1-CP073693.1--3"	0	0	0	0	0	0	0.103124677735382	0	0	0	0	0	0	0	0.155902004454343	0	0	0	0	0
"GB-GCA-018336475.1-CP048741.1--6"	3.83373268048755	0.239583333333333	0.466874166296132	0.454410747802035	0.726107848371596	0.320659642693541	0	0.747282608695652	0.884851344974044	1.22272225524327	0	0.376411543287327	0	0.570326933890272	0.601336302895323	0.737119801365611	0.40154192097655	0.40185859600653	0.537133461222253	0.40424857324033
"GB-GCA-018370675.1-JAGYZX010000010.1"	0	0	0.277901289461983	0	0	0	0.474373517582758	0	0	0.135858028360363	0	0	0.164191357563997	0	0.118782479584261	0	0	0.0376742433756122	0.0493285831734722	0
"GB-GCA-900066335.1-FMEU01000030.1"	0	0.0729166666666667	0	0	0.448478376935398	0.137425561154375	0.11343714550892	0.124547101449275	0	0	1.22112836046952	0	0.149264870512725	0	0.066815144766147	0	0	0	0.115100027404768	0.0396322130627774
"GB-GCA-900066345.1-FMEC01000005.1"	0	0	0	0	0	0	0.453748582035681	0	0.153374233128834	0.424556338626136	0	0.313676286072773	0	0.923768977427906	0	0	0	0.313952028130102	0	0
"GB-GCA-900066555.1-FMDW01000023.1"	0.364621314720283	0	0.233437083148066	0	0	0	0	0.249094202898551	0.224162340726758	0	0	0	0	0	0	0	0	0	0	0
"GB-GCA-900066625.1-FMHF01000009.1"	0	0	0	0	0	0	0	0	0	0	0	0.313676286072773	0	0	0	0.0465549348230912	0.738837134596852	0	0	0
"GB-GCA-900067015.1-FMHA01000003.1"	0	0	0	0	0	0	0	0	0	0	0	1.5952679691701	0	0.562294160173508	0	0	0	0	0	0
"GB-GCA-900086605.1-LT571470.1--2"	0	0	0	0	0	0	0	0.464221014492754	0	0	0	0	0	0	0	0	0.168647606810151	0	0	0
"GB-GCA-900542515.1-UQOA01000002.1"	0	0	0	0	0.726107848371596	0	0	0	0	0	0.265051117001136	0	0	0	0	0	0	0	0	0
"GB-GCA-900543035.1-UQPV01000008.1"	0	0	0	0	0	0	0.154687016603073	0	0	0	0	0	0	0	0.193021529324425	0	0	0	0	0
"GB-GCA-900545115.1-UQXN01000021.1"	0.552140848005001	1.10416666666667	1.48955091151623	0.701373110737924	0.0320341697810998	0	0	0	0	0	0	0.080659616418713	3.22412120307486	0.080327737167644	0	0	0	0.119301770689439	0.0822143052891203	0.237793278376665
"GB-GCA-900546085.1-URBS01000003.1"	0	0	0	0	0	0	0	0.203804347826087	0	0	0	0	1.26875139935816	0	0.259836674090572	0.0775915580384854	0	0	0.180871471636065	0
"GB-GCA-900755655.1-CAAEHE010000038.1"	0	0	0	0.108663439691791	0.128136679124399	0.613834173156207	0	0	0	0	0	0	0	0	0	0	0	0	0	0
"GB-GCA-900756345.1-CAAEJT010000082.1"	0	0	0.344597598932859	0	0	0	0	0	0	0	0	0	0	0	0	0.0387957790192427	0.505942820430453	0	0.0383666758015895	0
"GB-GCA-900758135.1-CAAEQM010000063.1"	8.54255651630378	0	0	0	0	0	0	0	0	0	0	0	0	0	0	0	0	0	0.131542888462592	0
"GB-GCA-900761785.1-CAAFEE010000120.1"	0	0.520833333333333	0	0	0	0	0.11343714550892	0	0	0.0254733803175681	0.141991669822037	0	0	0.0963932846011728	0.163325909428359	0.302607076350093	0	0	0	0
"GB-GCA-900762515.1-CAAFHA010000156.1"	0	0	0	0	0	0	0	0	0.47192071731949	0	0	0	0	0	0	0	0	0.426974758256938	0	0
"GB-GCA-900763275.1-CAAFJR010000007.1"	0	0	0	0	0	0	0	0	0.25955639452572	0	0	0	0.134338383461452	0	0	0	0	0	0	0
"GB-GCA-900767615.1-CAAFZU010000193.1"	0.135430774038962	0	0	0.26671935197076	0	0	0	0	0	0	0	0.286789747266535	0	0	0	0	0	0	0	0
"GB-GCA-902363695.1-CABJAY010000011.1"	0	0.239583333333333	0	0	0	0	0	0.0792572463768116	0	0	0	0	0	0.0481966423005864	0.0593912397921307	0.147423960273122	0	0	0	0
"GB-GCA-902364425.1-CABJDX010000004.1"	0	0.364583333333333	0	0	0	0	0	0	0.755073147711185	0	0	0	0.0970221658332711	0	0	0	0	1.58859726233831	0	0
"GB-GCA-902364905.1-CABJFP010000006.1"	0	0	0	0.46428924231947	0.298985584623598	0.393953275309207	0	0	0	0	0.757288905717531	0	0.208970818717815	0	0	0.131905648665425	0.570189527786701	0	0	0
"GB-GCA-902646515.1-CACRCQ010000098.1"	0.21877278883217	0	0	0.217326879383582	0.117458622530699	0.696289509848832	0.247499226564917	0.509510869565217	0.530910806984427	0.195295915768022	0	0.81555834378921	0.373162176281812	0.666720218491445	0.244988864142539	0.48106765983861	0	0.238603541378877	0.378185804329953	0.562777425491439
"GB-GCA-905197495.1-CAJJZB010000005.1"	0	0.604166666666667	0.444642063139173	0	0.192205018686599	0	0.536248324223987	0	0	0	0	0	0	0	0	0	0	0	0.0657714442312962	0
"GB-GCA-905198405.1-CAJKCU010000072.1"	0	0	0	0	0	0	0	0	0	0	0	0.833482702993368	0	0.433769780705277	0	0	0	0	0	0
"GB-GCA-905199545.1-CAJKGW010000002.1"	0.510469840608397	0.15625	0	0.958213968191248	0	0.137425561154375	0.340311436526761	0	0	0	0	0.725936547768417	0	2.01622620290786	0.066815144766147	0.294847920546245	0	1.36255180208464	0.290490545354892	0.229866835764109
"GB-GCA-905205225.1-CAJLCQ010000084.1"	0	0.90625	0.0666963094708759	0.187691395831275	0	0	0.773435083015366	0	0	0	0	0	0	0	0	0	0	0	0.20279528637983	0.118896639188332
"GB-GCA-905208235.1-CAJLOF010000165.1"	0	0	0	0.217326879383582	0	0.357306459001374	0	0	1.41576215195847	0	1.04127224536161	0	0	0	0.356347438752784	0	3.15611949887568	0.583950772321989	0	0
"GB-GCA-905208315.1-CAJLOS010000002.1"	0.125013022189811	0	0	0	0	0.503893724232707	0	0	1.16800377536574	0	0	0	0	0	0	0	0	0	0	0.118896639188332
"GB-GCA-905212165.1-CAJMDO010000177.1"	0	0	0.233437083148066	0	0	0	0	2.43432971014493	0	1.7576632419122	0	0	0.29852974102545	0	0	0	0	0	0.619347766511373	2.41756499682942
"GB-GCA-905213495.1-CAJMIO010000037.1"	0	3.14583333333333	0.033348154735438	0	0	0	0	0	3.36243511090137	0	5.05490344566452	0	0.17911784461527	0	0	2.48292985723153	0	0	0.668676349684845	0
"MJ005-barcode35-umi82259bins-ubs-3"	0	0.104166666666667	0	0	0	0	0	0	0	0	0	0	0.186581088140906	0	0	0	0	0	0	0
"MJ005-barcode50-umi71359bins-ubs-3"	1.30221898114387	0	0	0	0.0747463961558996	0	0	0	0	0	0	0	0	0	0.185597624350408	0	0	0	0	0
"MJ005-barcode50-umi85770bins-ubs-3"	0	0.0729166666666667	0	0	0	0	0	0	0	0	0	0	0	0	0.371195248700817	0.310366232153942	0	0	0	0
"MJ005-barcode50-umi9940bins-ubs-19"	0	0	0.0778123610493553	0	0	0	0.309374033206146	0	0	0	0	0	0	0	0	0	0	0	0	0.126823081800888
"MJ006-1-barcode25-umi129490bins-ubs-3"	0	0	0	0.187691395831275	0.0640683395621997	0	0	0	0	0	0	0	0.029852974102545	0	0	0	0.216832637327337	0	0	0
"MJ006-1-barcode26-umi100529bins-ubs-4"	0	0.947916666666667	0	0.197569890348711	0	0	0	0	0	0	0	0	0	0	0	0	0	0	0	0
"MJ006-1-barcode26-umi154766bins-ubs-3"	0	0	0.211204979991107	0.118541934209227	0	0	0	0	0	0	0	0	0	0	0	0	0	0	0	0
"MJ006-1-barcode26-umi83097bins-ubs-5"	0	0	0.366829702089818	0.227205373901017	0	0.183234081539166	0	0	0	0	0	0	0.828420031345623	0	0	0	0	0	0.164428610578241	0
"MJ006-1-barcode27-umi100072bins-ubs-4"	0.0312532555474529	0.15625	0.100044464206314	0	0	0	0.0206249355470764	0.0339673913043478	0	0	0	0	0.149264870512725	0	0.0296956198960653	0	0	0	0.0274047684297068	0.0317057704502219
"MJ006-1-barcode27-umi101444bins-ubs-4"	0	0	0	0	0	0	0	0	0.165172251061822	0	0	0	0	0	0.616184112843356	0	0	0	0	0
"MJ006-1-barcode28-umi121246bins-ubs-4"	0	0	0	0	0	0	5.04279674126018	4.87998188405797	0	2.01239704508788	0	0	0.223897305769087	0	0.267260579064588	0	0	0	0.641271581255138	0
"MJ006-1-barcode28-umi127119bins-ubs-4"	0	0	0.300133392618942	0	0	0	0	0	0	0	0.747822794396062	0	0	0	0	0	0	0	0	0
"MJ006-1-barcode28-umi136827bins-ubs-3"	0	0	0.0222321031569586	0	0	0	0	0	0	0.31417169058334	0	0.322638465674852	0	0.104426058317937	0	0	0	0	0.213757193751713	0.134749524413443
"MJ006-1-barcode28-umi141536bins-ubs-3"	0	0	0	0.0790279561394844	0.277629471436199	0	0.226874291017841	0	0.424728645587541	0	0	0.179243592041585	0	0	0	0.147423960273122	0	0	0	0
"MJ006-1-barcode28-umi144986bins-ubs-4"	0.312532555474529	0	0	0	0	0	0	0	0	0.679290141801817	0	0	0	0	0	0	0	0	0	0
"MJ006-1-barcode28-umi155797bins-ubs-4"	0	0	0.111160515784793	0	0.106780565936999	0	0	0	0	0	0	0	0	0	0	0.349162011173184	0	0	0	0
"MJ006-1-barcode28-umi161825bins-ubs-3"	0	0.15625	0.155624722098711	0.316111824557937	0	0	0	0	0.0825861255309108	0.254733803175681	0	0	0.208970818717815	0.538195839023215	0.371195248700817	0	0	0.175813135752857	0.180871471636065	0
"MJ006-1-barcode28-umi206900bins-ubs-3"	0	0	0	0.197569890348711	0	0	0.618748066412292	1.97010869565217	0	0.551923240213976	0	0	2.23150981416524	0.650654671057916	0.616184112843356	0.63625077591558	0.610343719884356	0.332789149817908	1.682652781584	0
"MJ006-1-barcode28-umi234636bins-ubs-3"	0	0	0.111160515784793	0	0.0213561131873999	0	0.134062081055997	0.101902173913043	0	0	0	0	0	0	0	0	0	0.0313952028130102	0.115100027404768	0
"MJ006-1-barcode30-umi146993bins-ubs-3"	0	0	0.277901289461983	0.385261286179986	0	0	0	0	0	0	0	0	0.455257855063811	0	0.200445434298441	0.170701427684668	0	0	0.290490545354892	0
"MJ006-1-barcode30-umi225015bins-ubs-3"	0	0	0.422409959982214	0.375382791662551	0	0	0	0	0	0	0	0	0.0970221658332711	0	0	0	3.28461291358818	0	0.389147711701836	0
"MJ006-1-barcode31-umi13438bins-ubs-16"	0	0	0.100044464206314	0	0	0	0	0	0	0	0.0851950018932223	0	0	0	0	0	0	0.106743689564235	0.0602904905453549	0.0634115409004439
"MJ006-1-barcode31-umi40280bins-ubs-9"	0	0	0	0	0.245595301655099	0.100778744846541	0.866247292977209	2.96648550724638	0	0	0.984475577432791	0	0.447794611538175	0	0	0	0	0	0.279528637983009	0
"MJ006-1-barcode31-umi49825bins-ubs-7"	0.750078133138869	0	0	0	0	0	0	0.192481884057971	0	0	0	0	0.261213523397268	0	0	0	0	0	0	0.0871908687381103
"MJ006-1-barcode32-umi100692bins-ubs-4"	0	0	0	0	0	0	0	1.07563405797101	0	0	0	0	0	0	0	0	0	0	0.334338174842423	0
"MJ006-1-barcode32-umi63755bins-ubs-6"	0.197937285133868	0	0.0889284126278346	0	0	0	0	0	0.141576215195847	0	0	0	0	0	0	0	0	0	0	0.0237793278376665
"MJ006-1-barcode33-umi103990bins-ubs-4"	0	0	0	0	0	0	0	0	0	0	0	0	0	0	0	0.760397268777157	0	0	0.142504795834475	0
"MJ006-1-barcode33-umi164371bins-ubs-4"	0	0.0208333333333333	0	0	0	0	0.103124677735382	0.0566123188405797	0	0	0	0.0448108980103961	0.0447794611538175	0	0	0.131905648665425	0	0.0313952028130102	0.0438476294875308	0
"MJ006-1-barcode34-umi107970bins-ubs-4"	0	0	0	0.167934406796404	0	0	0	0	0.176970268994809	0	0	0	0	0	0.267260579064588	0	0	0	0	0
"MJ006-1-barcode34-umi121582bins-ubs-4"	0.864673403479529	1.5	1.2894619831036	0.207448384866146	0	0	0	0	0.188768286927796	0	0	0	0	0	0.653303637713437	0.0775915580384854	0	0	0	0.554850982878884
"MJ006-1-barcode34-umi136001bins-ubs-3"	0	0.40625	0.97821253890618	0	0	0	0	0	0	0	0.141991669822037	0	0.925442197178894	0	0	0	0	0	0.263085776925185	0
"MJ006-1-barcode35-umi110232bins-ubs-4"	0.927179914574435	0	0	0	0	0	0	0	3.56300141576215	0	0	0	0	0	0	0	0	0	0.0767333516031789	0
"MJ006-1-barcode35-umi143487bins-ubs-3"	0	0	0	0	0	0	0.721872744147675	0.849184782608696	0	0	0	0	0	0	0.497401633259094	0	0	0	0.0767333516031789	0
"MJ006-1-barcode35-umi166670bins-ubs-3"	0.43754557766434	0	0.222321031569586	0	0.106780565936999	0	0	0	0.212364322793771	0	0	0	0	0	0	0	0	0	0	0
"MJ006-1-barcode36-umi113965bins-ubs-4"	0.270861548077925	0.104166666666667	0.411293908403735	0	0.619327282434597	0	0.556873259771063	0.169836956521739	0.0707881075979236	0.0764201409527044	0	0.654239110951783	0.104485409358907	0.152622700618524	0.0742390497401633	0.395716945996276	0	0.200929298003265	0.158947656892299	0.443880786303107
"MJ006-1-barcode37-umi101248bins-ubs-4"	0	0	0.33348154735438	0.493924725871777	0.416444207154298	0.430600091617041	0.195936887697226	0.169836956521739	0.625294950448325	0	0	0.788671804982972	0.35823568923054	0.369507590971162	0.319227913882702	0.574177529484792	0	0.872786638201683	0.509728692792546	0.364616360177552
"MJ006-1-barcode37-umi107576bins-ubs-4"	0	0	0	0.128420428726662	0	0	0	0	0	0	0	0	0	0	0	0.131905648665425	0	0.301393947004898	0	0
"MJ006-1-barcode37-umi113304bins-ubs-4"	0.21877278883217	0	0.222321031569586	0	0	0	0	0	0	0	0	0	0.164191357563997	0	0	0	0	0	0	0
"MJ006-1-barcode37-umi146593bins-ubs-3"	0	0	0	0	0	0	0.97968443848613	1.98143115942029	0	0	0	0	2.19419359653706	0	0	1.21042830540037	0.489881143591391	0.238603541378877	0.580981090709783	0
"MJ006-1-barcode37-umi163344bins-ubs-3"	0.166684029586415	0	0	0	0	0	0	0	0	0	0	0	0	0	0	0.147423960273122	0	0.226045460253673	0	0
"MJ006-1-barcode37-umi167390bins-ubs-3"	0	0	0	0	0	0	0.154687016603073	0	0	0	0	0	0.104485409358907	0	0	0	0	0	0	0
"MJ006-1-barcode37-umi182710bins-ubs-3"	0	0.166666666666667	0	0	0	0.1099404489235	0	0	0	0	0	0	0	0	0.0965107646622123	0	0	0	0	0
"MJ006-1-barcode37-umi236242bins-ubs-3"	0	0	0.100044464206314	0	0.256273358248799	0	0	0.169836956521739	0	0	0	0	0.171654601089634	0	0.326651818856719	0	0	0	0	0
"MJ006-1-barcode37-umi32906bins-ubs-9"	0	0	0	0	0	0	0.422811178715067	0	0	0	0	0	0	0	0	0	0	0	0.12058098109071	0
"MJ006-1-barcode38-umi101062bins-ubs-4"	0	0	0	0	0.277629471436199	0	0	0	0	0	0	0	0.246287036345996	0	0	0	0	0	0	0
"MJ006-1-barcode38-umi103072bins-ubs-4"	0	0	0	0.0889064506569199	0	0	0	0	0	0	0	0.546692955726833	0.283603253974177	0	0.0965107646622123	0	0	0	0	0.0951173113506658
"MJ006-1-barcode38-umi103318bins-ubs-4"	0	0	0.0778123610493553	0	1.26001067805659	0.0732936326156665	0	0	0	0	0	0	0	0	0.623608017817372	0	0	0	0	0.554850982878884
"MJ006-1-barcode38-umi105953bins-ubs-4"	0	0	0	0	0	0	0.11343714550892	0.0566123188405797	0	0	0	0	0.171654601089634	0	0	0	0	0	0	0
"MJ006-1-barcode38-umi117112bins-ubs-4"	0	0	0.477990217874611	0	0	0	0	0.249094202898551	0	0	0	0	0	0	0	0	0	0	0	0.261572606214331
"MJ006-1-barcode38-umi124575bins-ubs-4"	0	0	0	0	0	0	0	0	0	0.135858028360363	0	0.152357053235347	0	0	0.0296956198960653	0	0	0.144417932939847	0	0
"MJ006-1-barcode38-umi127331bins-ubs-3"	0	0.354166666666667	0	0	0.309663641217298	0	0	0	0	0	0	0	0	0	0	0	0	0	0.268566730611126	0
"MJ006-1-barcode38-umi130817bins-ubs-3"	0	0	0	0	0	0	0.464061049809219	0	0	0.28020718349325	0	0	0.388088663333085	0	0	0	0	0.150696973502449	0.12058098109071	0.459733671528218
"MJ006-1-barcode38-umi134722bins-ubs-3"	0	0	0.844819919964429	0	0	0	0	0	0	0.288698310265772	0	0.421222441297724	1.91805358608851	0.337376496104105	0	0	0	0.40185859600653	0	0
"MJ006-1-barcode38-umi139950bins-ubs-3"	0	0	0	0	0	0.0824553366926248	0	0.622735507246377	0	0.118875774815318	0	3.05610324430902	0	0	0	0	0	0	0	0
"MJ006-1-barcode38-umi145963bins-ubs-3"	0	0	0	0	0	0	0	0	0	0.475503099261272	0	0	0	0.104426058317937	0	0	0	0	0	0
"MJ006-1-barcode38-umi148279bins-ubs-3"	0	0	0	0	0	0	0	0	0	0.110384648042795	0	0	0.164191357563997	0	0	0	0	0	0	0.190234622701332
"MJ006-1-barcode38-umi149391bins-ubs-4"	0	0	0	0	0.106780565936999	0	0	0	0	0	0	0	0	0	0.200445434298441	0	0	0	0.093176212661003	0
"MJ006-1-barcode38-umi153606bins-ubs-5"	0.302114803625378	0	0	0	0	0	0	0	0	0.144349155132886	0	0	0	0.176721021768817	0	0	0	0	0	0
"MJ006-1-barcode38-umi155073bins-ubs-3"	0.32295030732368	0.25	0	0	0	0	0	0	0	0.0509467606351363	0	0	0.268676766922905	0	0	0	0	0	0.0767333516031789	0.261572606214331
"MJ006-1-barcode38-umi156446bins-ubs-4"	0	0	0.444642063139173	0	0	0	0	0	0	0	0	0.125470514429109	0	0	0	0	0	0	0	0
"MJ006-1-barcode38-umi157629bins-ubs-3"	1.46890301073028	0	0	0	0	0	0	0	0	0	0.123059447179099	0	0	0	0	0	0	0	0.104138120032886	0
"MJ006-1-barcode38-umi157855bins-ubs-3"	0	0.3125	0	0	0	0	0	0	0	0	0	0	0.0970221658332711	0	0	0	0	0	0.137023842148534	1.41090678503488
"MJ006-1-barcode38-umi160185bins-ubs-3"	0	0	0	0	0	0	0	0.407608695652174	0.684285040113261	0	0	0	0	0	0	0	0	0	0	0
"MJ006-1-barcode38-umi170558bins-ubs-3"	0	0	0	0	0	0	0	0	0.60169891458235	0	0	0	0	0	0	0.256052141527002	0	0	0	0
"MJ006-1-barcode38-umi97004bins-ubs-4"	0.208355036983019	0	0	0	0	0	0.134062081055997	0	0	0	0	0	0	0	0	0	0	0	0	0
"MJ006-1-barcode39-umi100321bins-ubs-4"	1.73976455880821	0	0	0	0	0	0	0	0	0.161331408677932	0	0	0	0	0	0	0	0	0.230200054809537	0
"MJ006-1-barcode39-umi102680bins-ubs-4"	0	0	0	0	0.181526962092899	0	0	0	0.0943841434638981	0	0	0.457071159706041	0	0	0	0	0	0	0.0219238147437654	0
"MJ006-1-barcode39-umi107659bins-ubs-4"	0	0	0	0	0	0	0	0	0	0	0.0567966679288148	0	0	0	0	0.116387337057728	0	0	0	0.214013950538998
"MJ006-1-barcode39-umi108685bins-ubs-4"	0	0	0	0	0	0	0	0	0	0	0	0	0.261213523397268	0	0	0	0	0	0.20279528637983	0
"MJ006-1-barcode39-umi118076bins-ubs-4"	0.54172309615585	0	0	0	0	0	0	0.283061594202899	0	0	0	0	0	0	0	0	0	0	0	0
"MJ006-1-barcode39-umi126516bins-ubs-3"	0	0	0	0	0.0213561131873999	0.0824553366926248	0	0	0.12977819726286	0.118875774815318	0	0	0	0.144589926901759	0	0	0	0	0	0
"MJ006-1-barcode39-umi139611bins-ubs-3"	0	0	0	0	0.106780565936999	0	0	0	0	0	0	0.125470514429109	0	0	0	0.0465549348230912	0	0	0	0
"MJ006-1-barcode39-umi147946bins-ubs-3"	0	0.145833333333333	0	0	0	0	0	0	0	0	0	0	0	0	0	0	0	0.144417932939847	0	0
"MJ006-1-barcode39-umi157933bins-ubs-3"	1.03135743306594	0.114583333333333	0	0	0.256273358248799	0	0.11343714550892	0.634057971014493	0.117980179329873	0.305680563810818	0	0.259903208460298	0	0	0	0.581936685288641	0	0	0.246642915867361	0
"MJ006-1-barcode39-umi164422bins-ubs-3"	0	0	0	0	0	0	0	0	0	0	0	0	0	0	0	0.139664804469274	0	0	0.164428610578241	0
"MJ006-1-barcode39-umi173707bins-ubs-4"	0	0	0	0	0	0	0	0	0	0	0.672093903824309	0.555655135328912	0	0	0.148478099480327	0	0	0.784880070325254	0.0383666758015895	0
"MJ006-1-barcode39-umi233032bins-ubs-3"	0	0	0	0	0	0	0	0	0	0.416065211853613	0	0	0	0	0	0	0	0.169534095190255	0.109619073718827	0
"MJ006-1-barcode39-umi82754bins-ubs-5"	1.09386394416085	0	0	0.0889064506569199	0	0	0.412498710941528	0.815217391304348	0.0943841434638981	0	0	0	0	0	0.215293244246474	0.504345127250155	0	0.0753484867512244	0	0.435954343690552
"MJ006-1-barcode40-umi135136bins-ubs-3"	0	0	0	0	0	0	0	0	0	0.441538592171181	0	0.268865388062377	0	0.080327737167644	0	0.193978895096214	0	0	0	0.340837032339886
"MJ006-1-barcode40-umi138736bins-ubs-3"	2.2293988957183	0.0208333333333333	0	0.0197569890348711	0	0	1.10343405176859	0	0	0	0	0	0.723934621986715	0	0.133630289532294	0	0	0	0.115100027404768	0.602409638554217
"MJ006-1-barcode42-umi141606bins-ubs-3"	0	0	0	0	0	0	0	0	0	0	0	0	0	0	0.0296956198960653	0.349162011173184	0	0	0.104138120032886	0
"MJ006-1-barcode43-umi110326bins-ubs-4"	0	0	0	0	0	0	0	0	0	0	0	0	0	0	0.022271714922049	0	0	0	0.224719101123596	0.110970196575777
"MJ006-1-barcode43-umi114603bins-ubs-4"	0	0	0	0	0	0	0	0	0	0	0	0	0	0	0	0	0.152585929971089	0	0.208276240065771	0
"MJ006-1-barcode43-umi114724bins-ubs-4"	0	0	0	0.138298923244098	0	0	0	0	0	0	0	0	0	0	0	0	0	0.163255054627653	0.0986571663469444	0
"MJ006-1-barcode43-umi123254bins-ubs-4"	0	0	1.40062249888839	0.46428924231947	0	0	0	0	0	0.152840281905409	0	0	0	0	0	0	0	0.558834610071581	0	0
"MJ006-1-barcode43-umi137386bins-ubs-3"	0	0	0.211204979991107	0	0	0	0	0	0.047192071731949	0	0	0	0.111948652884544	0	0	0.0543140906269398	0.08030838419531	0.113022730126837	0	0
"MJ006-1-barcode43-umi152077bins-ubs-3"	0	0	0	0	0	0	0.340311436526761	0	0	0	0	0	0	0	0	0	0	0	0.142504795834475	0.49143944197844
"MJ006-1-barcode45-umi102981bins-ubs-4"	0	0	0	0.197569890348711	0.288307528029899	0	0.123749613282458	0	0	0.365118451218477	0	0	0	0	0	0	0.546097012528108	0	0.104138120032886	0
"MJ006-1-barcode45-umi104299bins-ubs-4"	0	0	0	0	0	1.83234081539166	0	0.215126811594203	0	0	0	0	0	0	0	0	0	0	0	0
"MJ006-1-barcode45-umi106049bins-ubs-4"	0.145848525888113	0	0	0	0	0.274851122308749	0	0	1.69891458235017	0	0	0	0	0	0	0	0	0	0.0712523979172376	0
"MJ006-1-barcode45-umi109029bins-ubs-4"	0.447963329513491	0.229166666666667	0	0	0.0213561131873999	0	0.0721872744147675	0	0	0	0	0	0.470184342115083	0	0	0	0	0	0.0219238147437654	0.142675967025999
"MJ006-1-barcode45-umi113407bins-ubs-4"	0	0	0	0	0.181526962092899	0	0	0	0	0.40757408508109	0	0	0	0	0.408314773570898	0	0	0	0	0
"MJ006-1-barcode45-umi133156bins-ubs-4"	0	0	0	0	0	0	0.051562338867691	0.249094202898551	0	0	0	0	0	0	0	0	0	0	0	0.103043753963221
"MJ006-1-barcode45-umi157411bins-ubs-3"	0.187519533284717	0.0520833333333333	0	0	0	0	0.051562338867691	0.101902173913043	0	0.0509467606351363	0	0.0627352572145546	0.0970221658332711	0.080327737167644	0.0593912397921307	0.0543140906269398	0	0.0627904056260203	0	0
"MJ006-1-barcode45-umi72688bins-ubs-6"	0	0	0	0	0.0640683395621997	0	0.0721872744147675	0.226449275362319	0.106182161396885	0.0934023944977499	0	0.134432694031188	0.149264870512725	0.160655474335288	0.200445434298441	0	0	0.0816275273138264	0	0
"MJ006-1-barcode46-umi100105bins-ubs-4"	0.177101781435566	0	0	0.0790279561394844	0	0	0.103124677735382	0.464221014492754	0	0.0509467606351363	0	0	0.186581088140906	0	0	0.147423960273122	0	0	0.0219238147437654	0.134749524413443
"MJ006-1-barcode46-umi135319bins-ubs-3"	0.916762162725284	0	0	0	0	0	1.36124574610704	0	0.448324681453516	0	0	0	0.514963803268901	0	0	0.558659217877095	0	0	0	0.324984147114775
"MJ006-1-barcode46-umi153108bins-ubs-3"	0	0.25	0	0.197569890348711	0	0.0549702244617499	0.866247292977209	0.271739130434783	0.294950448324681	0	0.132525558500568	0	0.507500559743264	0.160655474335288	0.0148478099480327	0.387957790192427	0	0.113022730126837	0.0657714442312962	0.0554850982878884
"MJ006-1-barcode46-umi163984bins-ubs-3"	0	0.645833333333333	0	0	0	0	0.371248839847376	0	0	0	0	0	0	0	0	0	0	0	0	0.103043753963221
"MJ006-1-barcode46-umi66793bins-ubs-6"	1.0626106886134	0	0	0	0.234917245061399	0	0	0	0.165172251061822	0	0	0	0	0	0	0	0	0	0	0
"MJ006-1-barcode46-umi73660bins-ubs-6"	0	0	0	0	0	0	0	0	0	0	0	0	0	0	0	0	0	1.18673866633178	0	0.150602409638554
"MJ006-1-barcode48-umi148200bins-ubs-3"	0.312532555474529	0	0	0	0.128136679124399	0	0.17531195215015	0	0	0	0	0	0.320919471602358	0	0.155902004454343	0	0	0	0	0
"MJ006-1-barcode48-umi158295bins-ubs-4"	0	0	0.111160515784793	0	0	0	0	0	0	0	0	0	0	0.425737006988513	0	0	0	0	0	0
"MJ006-1-barcode48-umi45926bins-ubs-8"	0	0	0	0	0	0	0	0.135869565217391	0	0	0	0	0	0	0.267260579064588	0	0	0	0	0.467660114140774
"MJ006-2-barcode51-umi185356bins-ubs-3"	0.177101781435566	0	0	0	0	0.375629867155291	0	0	0	0	0	0	0	0.67475299220821	0.170749814402376	0	0	0	0	0
"MJ006-2-barcode52-umi152908bins-ubs-3"	0	0	0.511338372610049	0	0	0	0	0.645380434782609	0	0	0	0	0	0	0	0	0	0	0	0
"MJ006-2-barcode52-umi171549bins-ubs-3"	0	0	0	0	0	0	0	0.962409420289855	2.37140160453044	0	0	0	0	0	0	0	0	0	0.0274047684297068	0
"MJ006-2-barcode53-umi143600bins-ubs-3"	0	0.09375	0	0	0	0	0	0	0.200566304860783	0	0	0	0	0	0	0	0	0	0.0219238147437654	0.118896639188332
"MJ006-2-barcode53-umi179696bins-ubs-3"	0	0	0	0	0	0	0	0	0	0	0	0	0	0	0.230141054194506	0	0	0	0	0.309131261889664
"MJ006-2-barcode53-umi181608bins-ubs-3"	0	0.302083333333333	0.222321031569586	0.46428924231947	0	0.274851122308749	0	0.249094202898551	0	0	0	0.546692955726833	0	0.345409269820869	1.20267260579065	0	0	0	0.175390517950123	0
"MJ006-2-barcode53-umi55981bins-ubs-7"	0	0	0	0	0	0	0	0	0	0	0	0	0	0.080327737167644	0	0.124146492861577	0	0	0	0.110970196575777
"MJ006-2-barcode55-umi148347bins-ubs-3"	0	0	0	0	0	0	0	0	0	0.127366901587841	0	0	0	0	0.348923533778768	0	0	0	0	0
"MJ006-2-barcode55-umi159943bins-ubs-3"	0	0.114583333333333	0	0	0	0	0	0	0	0	0	0	0	0	0	0	0	0.885344719326887	0	0
"MJ006-2-barcode55-umi180741bins-ubs-3"	0	0	0	0	0	0	0	0	0.200566304860783	0	0	0	0.17911784461527	0.232950437786168	0	0	0	0	0	0
"MJ006-2-barcode58-umi112839bins-ubs-5"	0	0	0	0	0	0	0	0	0	0	0	0	0.365698932756176	0	0.0593912397921307	0.186219739292365	0	0	0	0
"MJ006-2-barcode59-umi146245bins-ubs-4"	0	0	0.400177856825256	0	0.758142018152696	0	0	0	0	0	0	0	0.0373162176281812	0	0	0	0	0	0.0274047684297068	0
"MJ006-2-barcode59-umi224357bins-ubs-3"	0	0	0	0	0	0.16491067338525	0	0	0	0	0.141991669822037	0	0	0	0	0	0	0	0	0
"MJ006-2-barcode60-umi101159bins-ubs-5"	0	0	0	0	0	0.284012826385708	0.814684954109518	0	0	0	0	0	0	0	0.430586488492947	0	0	0	0.312414360098657	0
"MJ006-2-barcode60-umi117152bins-ubs-4"	0	0.135416666666667	0	0	0	0	0	0	0	0.059437887407659	0	0	0	0	0	0	0	0	0.219238147437654	0.0237793278376665
"MJ006-2-barcode60-umi134323bins-ubs-4"	0	0	0.100044464206314	0	0.0533902829684997	0	0	0	0	0	0	0	0	0.224917664069403	0.155902004454343	0	0	0	0	0.166455294863665
"MJ006-2-barcode60-umi147613bins-ubs-3"	0	0.104166666666667	0	0	0	0.119102153000458	0	0	0	0	0	0	0	0	0.282108389012621	0.147423960273122	0	0	0	0
"MJ006-2-barcode60-umi268665bins-ubs-3"	0.625065110949057	0	0	1.01748493529586	0	0	0	0	0	0	0	0	0	0	0	0	0	0	0	0
"MJ006-2-barcode60-umi88975bins-ubs-7"	0	0	0	0	0	0	0	0.169836956521739	0.0943841434638981	0	0	0.268865388062377	0	0.168688248052052	0	0	0	0	0.147985749520417	0
"MJ006-2-barcode61-umi137357bins-ubs-4"	0	0	0	0	0	0	0	0	0	0	0	0	0	0	0	0.186219739292365	0	0	0.959166895039737	0
"MJ006-2-barcode61-umi141407bins-ubs-4"	0.593811855401604	0.239583333333333	0.511338372610049	0	0	0	0	0.328351449275362	0	0	0	0	0.276140010448541	0	0.519673348181143	0	0	0	0.0822143052891203	0
"MJ006-2-barcode61-umi170469bins-ubs-3"	0	0.208333333333333	0	0	0	0	0	0	0	0	0	0	0	0	0	0.26381129733085	0	0	0	0
"MJ006-2-barcode61-umi30565bins-ubs-11"	0	0	0	0.0296354835523066	0	0	0	0.101902173913043	0.141576215195847	0	0	0.277827567664456	0	0	0.400890868596882	0	0	0	0.0383666758015895	0.221940393151554
"MJ006-2-barcode62-umi134295bins-ubs-4"	0.447963329513491	0.260416666666667	0	0	0	0	1.43343302052181	0	0	0.127366901587841	0.388110564180235	0	0.619449212627808	0	0	0	0	0	0.0767333516031789	0.118896639188332
"MJ006-2-barcode62-umi134749bins-ubs-4"	0	0	0	0	0	0	0	0.226449275362319	0	0	0	0	0	0.224917664069403	0	0	0	0	0	0
"MJ006-2-barcode62-umi166272bins-ubs-3"	0	0.302083333333333	0.289017341040462	0	0.459156433529098	0	0	0	0	0	0	0	0	0	0.920564216778025	0	0	0	0.12058098109071	0.840202916930881
"MJ006-2-barcode62-umi168615bins-ubs-3"	2.75028648817585	0	1.12272120942641	0	0.138814735718099	0	1.14468392286274	0.0452898550724638	0	0	2.44225672093904	0	0.574669751473991	0	0	0.131905648665425	0	0	0.175390517950123	0.126823081800888
"MJ006-2-barcode62-umi224221bins-ubs-3"	0	0.822916666666667	0	0	0.961025093432995	0	0	0	0.224162340726758	0	0	0	0	0	2.12323682256867	0	0	0	0	1.4426125554851
"MJ006-2-barcode63-umi156398bins-ubs-3"	0	0	0	0	0	0	0	0	0	0	0.558500567966679	0	0	0	0	0	0	0.3076729875675	0.0767333516031789	0
"MJ006-2-barcode63-umi20355bins-ubs-12"	0	0	0	0.108663439691791	0	0	0	0	0	0	0	0.134432694031188	0	0	0	0.147423960273122	0	0	0	0
"MJ006-2-barcode64-umi125426bins-ubs-4"	0	0	0	0.158055912278969	0	0	0.0721872744147675	0.294384057971015	0	0	0	0	0.462721098589447	0.313278174953812	0	0	0	0.33906819038051	0.093176212661003	0.118896639188332
"MJ006-2-barcode64-umi141305bins-ubs-3"	0.416710073966038	0	0	0	0	0	0	0	0	0	0	0	0.41794163743563	0	0	0	0	0	0	0
"MJ006-2-barcode64-umi154809bins-ubs-3"	0	0	0	0	0	0	0	0	0	0	0	0	0.395551906858721	0.811310145393204	0	0	0	0	0	0
"MJ006-2-barcode64-umi157366bins-ubs-3"	0.197937285133868	0.135416666666667	0.300133392618942	0	0	0	0	0	0	0	0	0	0	0	0	0	0	0	0	0
"MJ006-2-barcode64-umi157409bins-ubs-3"	0.270861548077925	0	0.222321031569586	0	0	0	0.237186758791379	0	0	0	0	0	0.0746324352563624	0	0	0	0	0	0	0.0317057704502219
"MJ006-2-barcode64-umi160503bins-ubs-3"	0	0.0729166666666667	0	0	0	0	0.226874291017841	0	0	0	0	0	0.23882379282036	0	0	0.225015518311608	0	0	0	0
"MJ006-2-barcode64-umi168667bins-ubs-3"	0	0	0	0	0	0	0	0.113224637681159	0	0	0	0	0.75378759608926	0	0	0	0	0	0	0
"MJ006-2-barcode64-umi180996bins-ubs-3"	0.0625065110949057	0	0.244553134726545	0	0	0.0641319285387082	0.422811178715067	0	0	0	0	0	0.208970818717815	0.0562294160173508	0	0	0	0	0.0657714442312962	0
"MJ006-2-barcode64-umi186266bins-ubs-3"	0	0	0	0	0	0	0	0	0	0.237751549630636	0.160923892464975	0	0	0	0	0	0	0	0	0
"MJ006-2-barcode64-umi201353bins-ubs-3"	0.406292322116887	0	0	0	0	0	0.11343714550892	0.0566123188405797	0	0	0	0	0.11941189641018	0	0.0965107646622123	0	0	0	0.0219238147437654	0.0634115409004439
"MJ006-2-barcode64-umi218166bins-ubs-3"	0	0	0	0	0	0	0.40218624316799	0	0	0	0	0	0.709008134935443	0	0.334075723830735	0	0	0	0	0
"MJ006-2-barcode64-umi240866bins-ubs-3"	0	0	0.600266785237883	0	0.234917245061399	0	0.814684954109518	0	0	0	0	0	0	0	0.0742390497401633	0	0	0	0.0602904905453549	0.142675967025999
"MJ006-2-barcode64-umi56048bins-ubs-8"	0	0	0	0	0	0	0	0.147192028985507	0	0	0	0	0.126875139935816	0	0	0	0	0	0	0
"MJ006-2-barcode65-umi125708bins-ubs-5"	0	0	0	0	0.0533902829684997	0	0.0721872744147675	0.0566123188405797	0.25955639452572	0.144349155132886	0	0.0627352572145546	0.0149264870512725	0.152622700618524	0	0	0	0	0	0.126823081800888
"MJ006-2-barcode66-umi103969bins-ubs-4"	0.0520887592457548	0	0.133392618941752	0	0.0640683395621997	0	0	0	0	0	0	0	0.0970221658332711	0	0.089086859688196	0	0	0	0.0548095368594135	0.253646163601775
"MJ006-2-barcode66-umi111219bins-ubs-4"	0.0520887592457548	0.322916666666667	0	0	0.309663641217298	0	0	0	0	0	0	0	0	0	0	0	0	0	0	0.293278376664553
"MJ006-2-barcode66-umi173753bins-ubs-3"	0.11459527034066	0.0416666666666667	0.144508670520231	0.0889064506569199	0	0.201557489693083	0.185624419923688	0.101902173913043	0.176970268994809	0	0	0.206130130847822	0.164191357563997	0.080327737167644	0.237564959168523	0	0	0	0.0383666758015895	0.0475586556753329
"MJ006-2-barcode66-umi174201bins-ubs-3"	0	0	0	0	0	0	0	0	0	0	0	0	0	0	0	1.72253258845438	0	0	0.115100027404768	0
"MJ006-2-barcode66-umi174806bins-ubs-3"	0	0	0	0	0	0.219880897847	0	0	0	0	0	0.403298082093565	0	0.232950437786168	0	0	0	0.583950772321989	0.142504795834475	0.134749524413443
"MJ006-2-barcode66-umi22919bins-ubs-13"	0	0	0.188972876834149	0	0.192205018686599	0	0	0	0	0	0	0	0	0	0	0	0	0	0	0
"MJ006-2-barcode66-umi44456bins-ubs-8"	0.156266277737264	0	0	0	0	0	0	0	0	0	0	0	0.164191357563997	0	0.103934669636229	0	0	0	0	0
"MJ006-2-barcode67-umi1509bins-ubs-57"	3.00031253255547	0.0833333333333333	0.933748332592263	0	0.0320341697810998	0	0	0	0	0	0	0	0	0	0.0742390497401633	0.0232774674115456	0	0	0.0602904905453549	0
"MJ006-2-barcode67-umi29449bins-ubs-10"	0	0	0	0	0	0	0	0	0.176970268994809	0	0.454373343430519	0	0	0	0	0.0931098696461825	0	0	0	0
"MJ006-2-barcode67-umi497bins-ubs-99"	0	0.291666666666667	0	0	0	0	0	0	0	0	0	0	0	0	0	1.24146492861577	0	0	0	0
"MJ006-2-barcode68-umi110672bins-ubs-4"	0	0	0	0	0	0.128263857077416	0	0	0	0	0	0.143394873633268	0	0	0	0	0	0	0	0
"MJ006-2-barcode68-umi180542bins-ubs-4"	0.572976351703302	0	0	0	0	0	0	0	0	0.178313662222977	0	0	0	0	0	0	0	0	0	0
"MJ006-2-barcode69-umi100780bins-ubs-4"	0	0	0	0	0.245595301655099	0	0.329998968753223	0	0	0	0	0	0	0	0	0	0	0	0	0
"MJ006-2-barcode69-umi141306bins-ubs-3"	0	3.75	0	0	0	0	0.639373001959369	0	0	0	0	0	0	0	0	0.201738050900062	0	0	0	0.602409638554217
"MJ006-2-barcode69-umi24843bins-ubs-11"	0	0	0.133392618941752	0	0	0	0	0	0.141576215195847	0	0	0	0	0	0.111358574610245	0	0	0	0	0.285351934051997
"MJ006-2-barcode69-umi26060bins-ubs-11"	0.10417751849151	0	0.200088928412628	0.0296354835523066	0	0	0	0	0	0	0.283983339644074	0	0.126875139935816	0.080327737167644	0	0	0	0	0	0
"MJ006-2-barcode69-umi27342bins-ubs-11"	0	0	0.33348154735438	0	0	0	0	0.283061594202899	0	0	0	0	0.0970221658332711	0	0	0	0	0	0	0
"MJ006-2-barcode70-umi93217bins-ubs-5"	0	0	0	0	0	0	0	0.758605072463768	0	0	0	0	0	0	0.801781737193764	0	0	0	0	0
"MJ006-2-barcode71-umi178250bins-ubs-3"	0	0	0.355713650511338	0	0	0.522217132386624	0	0	0	0	0	0	0	0	0.207869339272457	0	0	0	0	0
"MJ006-2-barcode71-umi188022bins-ubs-3"	0	0	0	0.217326879383582	0	0	0	0	0	0	0.179856115107914	0	0	0.168688248052052	0.237564959168523	0	0	0	0	0
"MJ006-2-barcode71-umi99073bins-ubs-6"	0	0	0.111160515784793	0	0.0320341697810998	0	0	0.169836956521739	0	0	0	0	0	0	0	0	0	0	0	0
"MJ006-2-barcode72-umi119181bins-ubs-4"	0	0	0	0	0	0	0	0.147192028985507	0	0	1.46724725482772	0	0	0	0.259836674090572	0	0	0	0.493285831734722	0
"MJ006-2-barcode72-umi182193bins-ubs-3"	0	0	0	0	0	0.320659642693541	0	0	0	0	0.492237788716395	0	0	0	0	0	0.441696113074205	0	0	0
"MJ006-2-barcode74-umi157202bins-ubs-3"	0	0.166666666666667	0	0	0	0.403114979386166	0	0	0	0	0	0	0	0	0	0	0	0.357905312068316	0	0
"MJ006-2-barcode74-umi171708bins-ubs-6"	0.343785811021981	0	0	0	0.800854244527496	0	0	0	0	0	0	0	0	0	0.178173719376392	0	0	0	0	0
"MJ009-1-barcode48-umi105160bins-ubs-3"	0.750078133138869	0	0	0	0	0	0	0	0	0	0	0	0	0.040163868583822	0.163325909428359	0	0	0	0	0
"MJ009-2-barcode73-umi29184bins-ubs-23"	1.95853734764038	0	0	0	0	0	0	0	0	0	0	0	0	0	0.289532293986637	0	0	0	0.0493285831734722	0
"MJ010-1-barcode27-umi2020bins-ubs-118"	0	0	0.144508670520231	0	0	0	0	0	0	0	0	0	0	0	0	0	0	0	0	0.103043753963221
"MJ010-1-barcode30-umi150325bins-ubs-3"	0.239608292530472	0	0	0	0	0	0	0	0	0	0	0	0	0	0	0	0	0	0.290490545354892	0
"MJ010-1-barcode35-umi104515bins-ubs-6"	0	0	0.311249444197421	0	0	0	0.268124162111993	0	0	0	0	0	0	0	0.801781737193764	0	0	0	0	0
"RS-GCF-000154385.1-NZ-DS483480.1"	0	0	0	0	0	0.201557489693083	0	0	0	0	0	1.21885642588277	0	0	0	0	0	0	0	0
"RS-GCF-000154385.1-NZ-DS483490.1"	0	0	0	0.918699990121505	0	0	0	0	0	0	0	0	0	0	0	0	0	0	0	0.396322130627774
"RS-GCF-000154385.1-NZ-DS483503.1"	0	0	0	0	0	1.39257901969766	0	0.577445652173913	0	0	0	0	0.485110829166356	0	0	0	0	0.43325379881954	0.137023842148534	0
"RS-GCF-000195615.1-NZ-GL882586.1"	0	0	0.122276567363273	0	0	0	0	0	0	0	0.861416130253692	0	0	0.0481966423005864	0	0	0	0	0.0164428610578241	0
"RS-GCF-000210015.1-NC-021022.1"	0.572976351703302	0	0	0.523560209424084	0	0.348144754924416	0	0	0	0	0.340780007572889	0	0.156728114038361	0.136557153184995	0.163325909428359	0.418994413407821	0	0.244882581941479	0.164428610578241	0.324984147114775
"RS-GCF-000210035.1-NC-021015.1"	0	0	0	0.523560209424084	0	1.63994502977554	0	0	0	0	0	0	0	0.626556349907623	0	0	0	0.929298003265101	0	0
"RS-GCF-000507785.1-NZ-KI669407.1"	0	0.229166666666667	0.366829702089818	0	0.0747463961558996	0.311497938616583	0.40218624316799	0.985054347826087	0	0	0	0.367449363685248	0.328382715127995	0	0.794357832219748	0.232774674115456	0.522004497269515	0	0.0767333516031789	0.0554850982878884
"RS-GCF-001058755.1-NZ-JUPJ01000236.1"	0	0	0.377945753668297	0	0.106780565936999	0	0.257811694338455	0	0	0	0	0	0	0	0	0	0	0.0313952028130102	0	0
"RS-GCF-001404595.1-NZ-CYYN01000006.1"	0	0.229166666666667	0	0	0	0.568025652771415	0.598123130865216	0	0.283152430391694	0	0	0.241978849256139	0	0.216884890352639	0	0	0.32123353678124	0	0	0
"RS-GCF-001405175.1-NZ-CYZL01000045.1"	0	0	0	0	0.501868659903898	0	0	0.237771739130435	0	0.458520845716227	0.283983339644074	0	0	0	0	0.380198634388579	0.425634436235143	0.364184352630918	0.175390517950123	0
"RS-GCF-001406775.1-NZ-CZAH01000001.1"	0	0	0	0.227205373901017	0	0	0	0.747282608695652	0	0.568905493759022	0	1.03065065423911	0	0	0	0.186219739292365	0	0	0.180871471636065	0
"RS-GCF-001487165.1-NZ-LN913006.1"	0	0	0	0	0	0	0	0	0.460122699386503	0.636834507939204	0	0.125470514429109	0	0.907703429994377	0	0	0	1.2495290719578	0	0
"RS-GCF-001487165.1-NZ-LN913006.1--9"	0	0	0	0	0.459156433529098	0	0	0	0	0	0	0	0	0	0	0	0	0	0	0.309131261889664
"RS-GCF-001624915.1-NZ-LVWW01000020.1"	0	0	0	0	0	0.421438387540082	0	0	0	0.492485352806317	0.321847784929951	0	0	0.176721021768817	0	0.248292985723153	0.032123353678124	0	0.131542888462592	0
"RS-GCF-001722585.1-NZ-MEHC01000048.1"	0	0	0.377945753668297	0	0	0	0	0	0	0	0	0	0.171654601089634	0	0	0	0	0	0	0
"RS-GCF-001722635.1-NZ-MEHD01000002.1"	0	0	0.300133392618942	0	0	0	0	0	0	0	0	0	0.343309202179267	0	0	0	0	0	0	0
"RS-GCF-001816225.2-NZ-MKXL02000027.1"	0	0	0.644730991551801	0	0	0	0	0	0	0	0	0	0	0	0	0.147423960273122	0	0	0	0
"RS-GCF-002159775.1-NZ-NFJI01000034.1"	0	0	0	0	0	0	0	0	0.141576215195847	0	0	0.0896217960207923	0	0	0	0	0.08030838419531	0.138138892377245	0.0164428610578241	0
"RS-GCF-002251385.1-NZ-NPJJ01000014.1"	0	1.73958333333333	0	0	0	0	0.659997937506445	0	0	0	0	0	0	0	0	0	0	0	0	0
"RS-GCF-002251455.1-NZ-NPJM01000072.1"	0	0.479166666666667	0	0	0	0	0.268124162111993	0	0	0	0	0	0	0	0	0	0	0	0	0
"RS-GCF-002549855.1-NZ-NMTT01000019.1"	0	0	0	1.27432579274918	0	0.797068254695373	0	0	0	0	0	0.376411543287327	0	0.626556349907623	0.133630289532294	0.387957790192427	1.39736588499839	0.263719703629285	0	0
"RS-GCF-002586945.1-NZ-CP023819.1--2"	0	0	1.16718541574033	0	0	0	0	0	0	0	0	0	0.261213523397268	1.43786649530083	0	0.256052141527002	0	0	0.279528637983009	0
"RS-GCF-002734145.1-NZ-CP022479.1--4"	0	0	0	0	0	0	0	0	0	0	0	0	0	0	0	0.271570453134699	0	0.67813638076102	0	0
"RS-GCF-003011855.2-NZ-PXXN02000041.1"	0	0	0.255669186305024	0	0	0.403114979386166	0.103124677735382	0	0	0.433047465398658	0.33131389625142	0.179243592041585	0	0.120491605751466	0	0.186219739292365	0	0.232324500816275	0	0.174381737476221
"RS-GCF-003287415.1-NZ-PRKZ01000021.1"	0	0.260416666666667	0.144508670520231	0.424775264249728	0.576615056059797	0.293174530462666	0.40218624316799	0.701992753623188	1.53374233128834	0	0	0.394335902491486	0.104485409358907	0	0.386043058648849	0	0	0	0.898876404494382	0.388395688015219
"RS-GCF-003287455.1-NZ-PRLC01000040.1"	0	0	0.411293908403735	1.07675590240047	0	3.39899221255153	0	1.89085144927536	0	0	0	0	0	0	0	0	0	8.58344844907698	0.126061934776651	1.37920101458465
"RS-GCF-003433855.1-NZ-QVEP01000088.1"	1.0626106886134	0.447916666666667	0.444642063139173	0	0.405766150560598	0	0	0.985054347826087	0.460122699386503	0	0	0	0.500037316217628	0.385573138404691	0	0	0	0.263719703629285	0	0
"RS-GCF-003434135.1-NZ-QVFB01000003.1"	0	0	0.744775455758115	0	0.224239188467699	0	0.639373001959369	0.554800724637681	0.802265219443134	0	0	0	0	0	0	0	0	0	0.537133461222253	0
"RS-GCF-003435955.1-NZ-QTVA01000042.1"	0	0	1.13383726100489	0.227205373901017	0	0	0	0	0	0	0	0	0	0	0	0	0	0	0	0
"RS-GCF-003437415.1-NZ-QSPP01000092.1"	0	0	3.29035126722988	0.602588165563568	4.41003737319808	1.8231791113147	1.63968237599257	0	0	0	0	0	0	0.481966423005864	0.489977728285078	0	4.77834885962094	0	0.361742943272129	1.83100824350032
"RS-GCF-003438725.1-NZ-QSTT01000002.1"	0	0.260416666666667	0.033348154735438	0	0	0	0.0618748066412292	0	0	0	0	0.797633984585051	0.0895589223076349	0	0	0	0	0	0.339819128528364	0
"RS-GCF-003439785.1-NZ-QSVN01000017.1"	0	0.208333333333333	0.255669186305024	0.454410747802035	0	0.622995877233165	0	0	0.34214252005663	0.373609577990999	0	0.286789747266535	0.291066497499813	0.249015985219696	0	0	0.995823964021844	0	0.257604823239244	0
"RS-GCF-003458325.1-NZ-QRUA01000016.1"	0	0	1.03379279679858	0	0.0854244527495996	0	0	0	0	0	0	0	0	0.971965619728492	0	0	0	1.60743438402612	0.52617155385037	0
"RS-GCF-003458535.1-NZ-QRUN01000071.1"	0.166684029586415	0	0.177856825255669	1.75837202410353	0	0.403114979386166	0.185624419923688	0	0.365738555922605	0.721745775664431	0.293449450965543	0.295751926868614	0	0.60245802875733	0.0965107646622123	0	0	0.251161622504081	0.158947656892299	0.269499048826887
"RS-GCF-003459025.1-NZ-QRUH01000008.1"	0	0	0.277901289461983	0	0	0	0.268124162111993	0.543478260869565	0	0.373609577990999	0	0.206130130847822	0.223897305769087	0.337376496104105	0.244988864142539	0	0.248955991005461	0.207208338565867	0.197314332693889	0
"RS-GCF-003460195.1-NZ-QRWW01000022.1"	0	0	0	0	0	0	0.28874909765907	0	0	0.305680563810818	0	0	0	0	0	0	0	0	0	0
"RS-GCF-003461545.1-NZ-QTXH01000007.1"	0	0.0729166666666667	0.188972876834149	10.658895584313	0.266951414842499	0	0	2.35507246376812	0	6.2070136707141	0	0	0	0	0	0	0	0	0.306933406412716	0
"RS-GCF-003462225.1-NZ-QTYP01000001.1"	0	0	0	0.385261286179986	0	0.540540540540541	0	0	0	0	0	0	0.17911784461527	0	0.215293244246474	0	0	0	0	0
"RS-GCF-003467005.1-NZ-QSFN01000007.1"	0	0	0	0	0	0	0	0	0	0	0.132525558500568	0	0.194044331666542	0	0.0593912397921307	0	0	0	0	0
"RS-GCF-003470885.1-NZ-QRHP01000024.1"	0	0.3125	0	0.533438703941519	0	0.494732020155749	0	0	0	1.24819563556084	0.340780007572889	0.412260261695644	0	0.168688248052052	0	0.186219739292365	0	0	0.197314332693889	0
"RS-GCF-003471065.1-NZ-QRIE01000055.1"	0	0	0	0	0	0	0	0	0	0	0	0	0	0	0	0	0	0	0.115100027404768	2.98826886493342
"RS-GCF-003471185.1-NZ-QRIM01000021.1"	0	0	0	0	0	0.998625744388456	0	0	0.377536573855592	0	0	0	0	0	0	0.450031036623215	0.104400899453903	0	0	0.229866835764109
"RS-GCF-003473495.1-NZ-QUCI01000034.1"	0.0833420147932076	0	0	0.474167736836906	0.587293112653497	0.613834173156207	0	0.588768115942029	0.802265219443134	0	0	0.869331421401685	0	0.666720218491445	0	0.271570453134699	0.337295213620302	0	0	0
"RS-GCF-003473865.1-NZ-QUCX01000004.1"	0	0.239583333333333	0.111160515784793	0	0.117458622530699	0	0	0	0	0	0	0	0.0447794611538175	0	0.126206384558278	0.0931098696461825	0.273048506264054	0	0	0
"RS-GCF-003473925.1-NZ-QUDC01000017.1"	0	0	0.0889284126278346	0	0	0	0	0	0	0	0	0	0	0	5.5902004454343	0	0	0.106743689564235	0.109619073718827	0
"RS-GCF-003474085.1-NZ-QRNS01000091.1"	0	0.125	0	0.286476341005631	0.224239188467699	0.494732020155749	0	0	0.34214252005663	0	0	0.170281412439505	0	0.321310948670576	0	0	0.184709283649213	0.408137636569132	0.137023842148534	0.285351934051997
"RS-GCF-003475105.1-NZ-QROT01000001.1"	0	0	0.177856825255669	0.227205373901017	0	0.174072377462208	0.556873259771063	0	0	0	0	0	0.164191357563997	0.224917664069403	0	0	0	0	0	0
"RS-GCF-003475335.1-NZ-QRQD01000014.1"	0	0	0	0	0	0	0	0	0	0	0.738356683074593	1.05753719304535	0	0	0	0	0	0	0	0
"RS-GCF-003477585.1-NZ-QUDM01000053.1"	0	0	0	0	0.224239188467699	0	0	0	0	0	0	0	0	0	0	0	0	0	0	0.396322130627774
"RS-GCF-003477715.1-NZ-QUDX01000035.1"	0	0	0	0	0	0	0	0	0	0	0	0	0	0	0	0.100869025450031	0	0.232324500816275	0	0
"RS-GCF-003478335.1-NZ-QUFB01000015.1"	0	0.0520833333333333	0	1.18541934209227	0	0	0.28874909765907	0	1.36857008022652	0.0934023944977499	0	0	0	0.240983211502932	0.044543429844098	0	0.345326052039833	0.156976014065051	0	0.0713379835129994
"RS-GCF-003478575.1-NZ-QUFR01000028.1"	0	0	0	0	0.170848905499199	0	0	0	0	0	0.766755017039	0.197167951245743	0.171654601089634	0	0	0	0	0	0.104138120032886	0
"RS-GCF-003478705.1-NZ-QUFX01000034.1"	0	0	0	0.316111824557937	0.0854244527495996	0	0	0	0	0	0	0	0	0	0	0	0	0.182092176315459	0	0
"RS-GCF-003478725.1-NZ-QUFZ01000069.1"	0	0	0	0	0	0	0	0	0	0	0	0.412260261695644	0	0	0	0.310366232153942	0	0.113022730126837	0	0
"RS-GCF-003479185.1-NZ-QUGU01000004.1"	0	0	0.711427301022677	0.503803220389213	0	0	0.484685985356296	0.339673913043478	0.141576215195847	0.305680563810818	0	0.277827567664456	0.395551906858721	0.706884087075267	0.593912397921307	0	0	0.40185859600653	0.367223896958071	0
"RS-GCF-003479985.1-NZ-QUIH01000007.1"	0	0.3125	0	0.26671935197076	0	0.393953275309207	0	0	0	0.127366901587841	0	0.277827567664456	0	0.0722949634508796	0	0	0	0.163255054627653	0.180871471636065	0
"RS-GCF-003480485.1-NZ-QUJF01000065.1"	0	0	0	0.197569890348711	0	0	0	0.441576086956522	0	0	0	0	0	0.112458832034702	0	0	0	0	0	0.499365884590996
"RS-GCF-003481205.1-NZ-QUKG01000035.1"	0	0	0	0	0.512546716497597	0	0	0	0	0	0	0	0	0.385573138404691	0	0	0	0	0	0
"RS-GCF-003481335.1-NZ-QUKW01000004.1"	0.239608292530472	0.239583333333333	0	0	0.128136679124399	0	1.54687016603073	0	0.141576215195847	0	10.3937902309731	2.98440580749238	0.81349354429435	0	0.393466963622866	0	0	0.671857340198418	0.20279528637983	0
"RS-GCF-003481765.1-NZ-QULR01000098.1"	0	0.333333333333333	0	0.414896769732293	0	0.210719193770041	0	0	0	0	0.492237788716395	0.224054490051981	0	0.313278174953812	0	0.116387337057728	0	0.232324500816275	0	0
"RS-GCF-003481845.1-NZ-QULY01000061.1"	0	0	0	0	0	0.357306459001374	0	0	0	0	0.132525558500568	0	0.104485409358907	0	0	0	0.208801798907806	0	0	0
"RS-GCF-003481985.1-NZ-QUMD01000078.1"	0	0.34375	0	0	0	0	0	0	0.188768286927796	0.322662817355863	0	0.250941028858218	0	0.240983211502932	0	0	0.754898811435914	0	0	0.309131261889664
"RS-GCF-003602705.1-NZ-QTLK01000079.1"	0	0.239583333333333	0	0.118541934209227	0	0	0	0	0	0	0	0.11650833482703	0	0	0	0	0	0.125580811252041	0.454919155933132	0
"RS-GCF-003603005.1-NZ-QVGS01000002.1"	0	0.8125	0	0	0	1.11772789738891	1.16530885840982	0.83786231884058	0	0.551923240213976	0	0	0.761250839614897	0	0	0	0	0.477207082757755	0.893395450808441	0
"RS-GCF-003603945.1-NZ-QVGO01000012.1"	0	0	0	2.29181072804505	0	0	0	1.53985507246377	0	1.57934957968922	0	0	0	0	0.3637713437268	4.92706393544382	0	0	1.33735269936969	0
"RS-GCF-003635365.1-NZ-QTMV01000010.1"	0	0	0	0	0	0.274851122308749	0	0	0.330344502123643	0	0	0	0	0.120491605751466	0	0	0	0	0	0
"RS-GCF-003865035.1-NZ-BHVZ01000001.1--3"	0	0	0	0	0.0533902829684997	0.284012826385708	0	0	0	0	0.066262779250284	0	0	0.257048758936461	0.0296956198960653	0	0	0.533718447821173	0.0493285831734722	0
"RS-GCF-004123145.1-NZ-SDKC01000001.1--5"	0	0	0	0	0	0	0	0.237771739130435	0	0	0.066262779250284	0	0	0	0.252412769116555	0	0	0	0.131542888462592	0
"RS-GCF-004167405.1-NZ-RCYJ01000084.1"	0.281279299927076	0.229166666666667	0	0.246962362935889	0.149492792311799	1.2093449381585	0.69093534082706	2.96648550724638	0	0.900059437887408	0	0.295751926868614	0.171654601089634	0	0.883444691907944	0.457790192427064	0.088339222614841	0.226045460253673	0.701562071800493	0
"RS-GCF-004523415.1-NZ-SONK01000098.1"	0	0	0	0	0	0	0	0	0	0	0	0	0	0	0	0	0	0	0.12058098109071	3.30532656943564
"RS-GCF-008416155.1-NZ-VVXU01000050.1"	0	0	0	0	0.0533902829684997	0	0	0	0	0.288698310265772	0	0.295751926868614	1.33592059108889	0.0562294160173508	0	0	0.425634436235143	0	0	0.174381737476221
"RS-GCF-008421235.1-NZ-VVND01000016.1"	0	0	0	0	0.0640683395621997	0.0641319285387082	0	0	0	0	1.20219613782658	0	0.0149264870512725	0	0	0	0	0	0.109619073718827	0
"RS-GCF-008423175.1-NZ-VVJM01000035.1"	0.677153870194812	0	0	0	0	0	0	0	0	0	0	0	0	0	0	0	0.666559588821073	0.408137636569132	0.12058098109071	0
"RS-GCF-008571545.1-NZ-VWAC01000113.1"	0	0	0.277901289461983	0	0	0	0	0	0.672487022180274	0	0	0	0	0.0722949634508796	0	0	0	0	0	0
"RS-GCF-008572155.1-NZ-VVYZ01000060.1"	0	0	2.86794130724767	0	0	0	0	0	0	1.35858028360363	0	0	0	0	0	0	0	0	0	0
"RS-GCF-008572425.1-NZ-VVYM01000017.1"	0.593811855401604	0.28125	1.71187194308582	0	0	0.320659642693541	0.433123646488605	0.181159420289855	0	0	0	0	0	0	0.0371195248700817	1.62166356300435	0	0.0879065678764285	0.460400109619074	0
"RS-GCF-009020435.1-NZ-WCUB01000245.1"	1.26054797374727	0	0	0	0	0	0	0	1.60453043888627	0.534940986668931	1.24952669443393	0	0.716471378461079	1.18885051008113	0	6.53320918684047	0	0.125580811252041	1.51822417100575	0.467660114140774
"RS-GCF-009102135.1-NZ-WDDW01000176.1"	0	0	0	0	0	0	0.195936887697226	0.124547101449275	0	0.297189437038295	0.189322226429383	0	0	0.136557153184995	0	0	0	0	0	0
"RS-GCF-009469605.1-NZ-SSXU01000079.1"	0	5.92708333333333	0.122276567363273	0	0	0	0	0	0	0	0	0	0	0	0	0	0	0	0.208276240065771	2.6712111604312
"RS-GCF-009493945.1-NZ-VZCY01000121.1"	0	0	0	0	0	0	0.247499226564917	0	0	0	0	0	0	0	1.06904231625835	0	0	0	0	0
"RS-GCF-009494455.1-NZ-VZBZ01000148.1"	0	0	0	0.99772794626099	0	0	0	0	0	0	0	0	0	0	1.49220489977728	0	0	0.282556825317092	0.169909564264182	0.293278376664553
"RS-GCF-009663755.1-NZ-RDBS01000044.1"	0	0	0.222321031569586	0	0	0	0	0	0	0.0254733803175681	0	0	0	0.53016306530645	0	0	0	0.219766419691071	0	0.0396322130627774
"RS-GCF-009678435.1-NZ-WKLZ01000064.1"	0	0	0	0	0	0	0.195936887697226	0.317028985507246	0	0	0	0	0	0	0	0	0	0	0	0
"RS-GCF-009678795.1-NZ-WKNN01000105.1"	0.0833420147932076	0	0	0.0493924725871777	0	0	0	0.0905797101449275	0.212364322793771	0	0	0.188205771643664	0.111948652884544	0	0.193021529324425	0	0	0.0313952028130102	0.252123869553302	0.396322130627774
"RS-GCF-009679705.1-NZ-WKZI01000044.1"	0	0	0	1.36323224340611	0	0	0.237186758791379	0	0	0	0	0	0	0	0	0	0	1.05487881451714	0.197314332693889	0
"RS-GCF-009679805.1-NZ-WKPY01000007.1"	0	0	0	0	0.245595301655099	0	0	0.78125	0.153374233128834	0.212278169313068	0	0	0	0	0	0	0	0	0	0
"RS-GCF-009680105.1-NZ-WKQN01000004.1"	0	0.145833333333333	0.522454424188528	0	0	0	0	0	0	0	0	0	0	0	0	0.170701427684668	0	0	0	0
"RS-GCF-009680405.1-NZ-WKRA01000066.1"	0	0	0	0	0	0	0	0	0	0	0.0851950018932223	0	0	0.297212627520283	0.118782479584261	0.10862818125388	0	0.313952028130102	0.104138120032886	0
"RS-GCF-009680435.1-NZ-WKRB01000047.1"	0	0	0	0	0	0	0	0.124547101449275	0	0	0	0	0.104485409358907	0	0	0	0	0	0	0
"RS-GCF-009680455.1-NZ-WKRD01000020.1"	0	0	0.555802578923966	0.148177417761533	0.512546716497597	0.210719193770041	0.340311436526761	0	0	0	0	0.340562824879011	0.164191357563997	0.257048758936461	0.185597624350408	0.310366232153942	0	0	0.306933406412716	0
"RS-GCF-009718345.1-NZ-WNAJ01000071.1"	0	0	0	0	0	0.952817224003665	0	0.600090579710145	2.93770646531383	4.44085930202938	0	2.70657823982793	0	1.07639167804643	0	0	0.987793125602313	0	0.416552480131543	0.40424857324033
"RS-GCF-009875715.1-NZ-WWSF01000007.1"	0	0	0	0	0.202883075280299	0.183234081539166	0.299061565432608	0	0	0	0	0.483957698512278	0	0	0	0.116387337057728	0.232894314166399	0	0.361742943272129	0
"RS-GCF-009881235.1-NZ-WWUZ01000005.1"	0	0.229166666666667	0	0	0	0	0	0	0.755073147711185	0.628343381166681	0	0	0	0.224917664069403	0	0.100869025450031	0	0.891623759889489	0.416552480131543	0
"RS-GCF-009881395.1-NZ-WWVG01000042.1"	0	0	0.144508670520231	0	0.907634810464495	1.47503435639029	0	0	0	0	0.454373343430519	0.313676286072773	0.492574072691992	0.361474817254398	0.393466963622866	0.147423960273122	0	0.320231068692704	0	0
"RS-GCF-009883055.1-NZ-WWVR01000001.1"	0	0.364583333333333	0.188972876834149	0.780401066877408	0	0.155748969308291	0	0	0	0	0	0	0	0	0.22271714922049	0	0	0.734647745824438	0	0
"RS-GCF-010509575.1-NZ-CP048437.1"	0	0	1.14495331258337	0	0	0	0	0	0	0	0	0	0	0	0	0	0.313202698361709	0	0	0
"RS-GCF-013293275.1-NZ-JAAJZU010000026.1"	0	0	0.533570475767008	0	0	0	0	0	0	0.110384648042795	0	0	0.11941189641018	0	0	0	0	0	0	0
"RS-GCF-013299995.1-NZ-JAAINE010000179.1"	0	0	0	0.780401066877408	0	0	0	0	0.283152430391694	0	0.321847784929951	0	0	0	0	0	0.433665274654674	0	0.235681008495478	0
"RS-GCF-013300845.1-NZ-JAAIUB010000015.1"	0	0.208333333333333	0	0	0	0	0	0	0	0.178313662222977	0.227186671715259	0	0	0	0	0	0	0	0	0
"RS-GCF-013301035.1-NZ-JAAIUF010000004.1"	0	0	0	0	0	0.622995877233165	0.598123130865216	0	0	0.31417169058334	0	0	0	0	0.22271714922049	0	0.682621265660135	0	0	0
"RS-GCF-013301115.1-NZ-JAAITR010000065.1"	0	0	0	0.286476341005631	0	0	0	0	0	0	0	0.887255780605843	0	0.570326933890272	0	0	0	0	0.12058098109071	0
"RS-GCF-013301135.1-NZ-JAAINX010000071.1"	0	0	0	0.0790279561394844	0	0	0	0	0	0.424556338626136	0	0	0	0	0	0	0.313202698361709	0	0	0
"RS-GCF-013301165.1-NZ-JAAWUW010000097.1"	0	0.4375	0.366829702089818	1.36323224340611	0.875600640683396	0.677966101694915	0.216561823244302	0	0.802265219443134	0.730236902436953	0	0.421222441297724	0.223897305769087	0.739015181942325	0	0.100869025450031	0	0.269998744191887	0.274047684297068	0.277425491439442
"RS-GCF-013301265.1-NZ-JAAINZ010000094.1"	0	0	0	0	0	0	0.340311436526761	0.260416666666667	0	0	0	0	0	0	0	0	0	0.609066934572397	0	0
"RS-GCF-013301405.1-NZ-JAAIOH010000014.1"	0	2.61458333333333	1.50066696309471	0	0	1.00778744846541	0	0.181159420289855	0	0	0	0	0.0597059482050899	0	1.64068299925761	0	0	1.52580685671229	0	0
"RS-GCF-013301415.1-NZ-JAAIOG010000067.1"	0	0	0	0	0	0	0	0.317028985507246	0	0	0	0	0.320919471602358	0	0	0	0	0.131859851814643	0	0
"RS-GCF-013301545.1-NZ-JAAIOO010000074.1"	0	0.354166666666667	0	0.454410747802035	0	0	0	0.486865942028985	0	0.382100704763522	0	0	0.223897305769087	0.345409269820869	0.163325909428359	0	0	0.791159110887856	0.208276240065771	0
"RS-GCF-013302095.1-NZ-JAAIPN010000122.1"	0	0	0	0	0	0	0	0	0	0.263224929948204	0	0	0	0	0	0	0.128493414712496	0	0.20279528637983	0
"RS-GCF-013302245.1-NZ-JAAIPT010000089.1"	0	0	0	0	0.192205018686599	0	0	0	0	0	0	0	0	0	0	0	0	0	0	0.33291058972733
"RS-GCF-013302255.1-NZ-JAAIPS010000119.1"	0	0	0	0.108663439691791	0	0	0	0	0	0	0	0	0	0.265081532653225	0.779510022271715	0	0	0	0	0
"RS-GCF-013302845.1-NZ-JAAIQT010000087.1"	0	0	0	0.167934406796404	0	0.879523591387998	0	0	0.943841434638981	0.934023944977499	0	0.537730776124754	0.365698932756176	1.55032532733553	1.52190051967335	0.566418373680943	0.513973658849984	3.4095190254929	1.01397643189915	0.618262523779328
"RS-GCF-013304185.1-NZ-JAAISS010000139.1"	0	0	0	0	0	0	0	0	0	0	0.227186671715259	0	0	0	0	0	0.208801798907806	0	0	0
"RS-GCF-013304735.1-NZ-JAAITI010000084.1"	0	0	0	0.503803220389213	0.0961025093432995	0	0.340311436526761	0.430253623188406	0.141576215195847	0.169822535450454	0.709958349110186	0	0.126875139935816	0	0.616184112843356	0.395716945996276	0.835207195631224	0	0.416552480131543	0
"RS-GCF-013305105.1-NZ-JABMIC010000078.1"	0	0	0	0	0	0.0916170407695831	0	0	0.141576215195847	0	0	0	0.335845958653631	0.0883605108844084	0.163325909428359	0.124146492861577	0	0	0	0
"RS-GCF-013305115.1-NZ-JAAITW010000095.1"	0	0	0	0	0	0	0	0	0	0	0	0	0	0.120491605751466	0	0	0	0.0565113650634183	0	0.229866835764109
"RS-GCF-014287435.1-NZ-JACOPG010000006.1"	0	0.145833333333333	0	0	0	0	0	0	0	0	0	0	0	0	0	0	0	0	0	0.126823081800888
"RS-GCF-014287815.1-NZ-JACOOQ010000033.1"	0	0	0	0	0	0.0824553366926248	0	0	0	0	0	0	0.283603253974177	0	0	0	0	0	0.465881063305015	0
"RS-GCF-015547195.1-NZ-JADMUQ010000068.1"	0	0	0	0	0	0.293174530462666	0	0.101902173913043	0	0	0	0	0	0	0	0	0	0	0.28500959166895	0
"RS-GCF-015547935.1-NZ-JADMWC010000052.1"	0	0	0	0	0	0	0	0	0	0	0	0	0.11941189641018	0	0.274684484038604	0.271570453134699	0	0	0	0
"RS-GCF-015548425.1-NZ-JADMWX010000060.1"	0	0	0	0.256840857453324	0	0	0	0	0	0	0	0	0.343309202179267	0	0.14105419450631	0	0	0	0	0
"RS-GCF-015549395.1-NZ-JADMYU010000055.1"	0	0	0	0	0	0	0.154687016603073	0	0	0	0	0	0	0	0.111358574610245	1.63718187461204	0	1.5509230189627	0.301452452726774	0
"RS-GCF-015551465.1-NZ-JADNCS010000018.1"	0	0	0	0	0	0.146587265231333	0	0	0	0	0.672093903824309	0	0	0.0963932846011728	0	0	0	0	0	0
"RS-GCF-015554785.1-NZ-JADNJF010000075.1"	0	0	0	0	0	0	0	0	0.542708824917414	0	0	0.277827567664456	0	0	0	0	0	0	0	0.110970196575777
"RS-GCF-015555015.1-NZ-JADNJR010000046.1"	0	0.333333333333333	0.177856825255669	0	0	0	0	0	0.365738555922605	0.356627324445954	0	0	0.350772445704903	0.73098240822556	0.341499628804751	0	0.224863475746868	0.571392691196785	0	0
"RS-GCF-015555125.1-NZ-JADNJY010000016.1"	0	0	0	0.0296354835523066	0	0	0	0	0	0	2.60318061340401	2.71554041943001	0.63437569967908	0	0	0	0	0	0.197314332693889	0
"RS-GCF-015556345.1-NZ-JADNMF010000011.1"	0	0.0416666666666667	0	0	0	0	0	0	0.530910806984427	0.40757408508109	0	0.627352572145546	0	0	0	0	0	0	0	0.134749524413443
"RS-GCF-015556945.1-NZ-JADNNH010000048.1"	0	0	0.177856825255669	0	0	0	0	0	0	0.356627324445954	0	0	0	0	0	0	0	0	0	0
"RS-GCF-015558055.1-NZ-JADNPM010000090.1"	0	0	0	0	0	0	0.360936372073837	0	0	0	0	0	0.104485409358907	1.68688248052052	0	0	0	0	0	0
"RS-GCF-015558645.1-NZ-JADMOI010000046.1"	0.145848525888113	0	0	0	0	0.238204306000916	0	0	0	0	0	0	0	0	0	0	0	0	0	0.0396322130627774
"RS-GCF-015558785.1-NZ-JADMOP010000030.1"	0	0	0	0	0	0.155748969308291	0	0.226449275362319	0	0	0	0	0	0	0	0	0.248955991005461	0	0.180871471636065	0
"RS-GCF-015560385.1-NZ-JADMRS010000084.1"	0	0	0	0	0	0	0	0	0	0	0	0	0	0	0	0	8.35207195631224	0	0.290490545354892	0
"RS-GCF-015668575.1-NZ-JADPFU010000069.1"	2.33357641420981	0.552083333333333	0	0	0	0	0	0	0	0	0	0.788671804982972	0	0	0.230141054194506	0	0	0	0.482323924362839	0
"RS-GCF-015669355.1-NZ-JADPAB010000092.1"	0	0	0	0	0	0.210719193770041	0	0	0.377536573855592	0	0.785687239681939	0	0	0	0	0	0	0.276277784754489	0	0
"RS-GCF-015670795.1-NZ-JADPCJ010000051.1"	0	0	0.411293908403735	0	0	0	0	0	0	0	0.539568345323741	0.277827567664456	0	0	0	0	0	0	0	0
"RS-GCF-016103195.1-NZ-JAEDZY010000010.1"	0	0	0	0.0691494616220488	0.128136679124399	0	0	0	0	0.0934023944977499	0	0	0.164191357563997	0.12852437946823	0	0	0	0	0.158947656892299	0
"RS-GCF-016117715.1-NZ-CP065872.1--5"	0	0	0	0	0	0.540540540540541	0.268124162111993	0	0	0	0	0	0	0	0	0	0	0	0	0.134749524413443
"RS-GCF-016766915.1-NZ-CP068488.1--7"	0.21877278883217	1.25	1.06714095153402	0.237083868418453	0	1.09024278515804	0.69093534082706	0	0.920245398773006	0	0	0	0.35823568923054	0.257048758936461	0	0	3.84677160295535	0.125580811252041	0.306933406412716	0
"RS-GCF-016888565.1-NZ-JAFEKK010000002.1"	0.364621314720283	0	0	0.296354835523066	0	0	0	0	0	0	0	0	0	0	0	0	0	0.100464649001633	0	0
"RS-GCF-017377615.1-NZ-JAFREG010000017.1"	0	0.302083333333333	0	0.276597846488195	0.213561131873999	0.274851122308749	0	0.294384057971015	1.76970268994809	0.857603804024794	0.208254449072321	0.448108980103961	0	0.0562294160173508	0.215293244246474	0	0	0.696973502448826	0.504247739106604	0
"RS-GCF-017377625.1-NZ-JAFREH010000038.1"	0	0	0	0	0.768820074746396	0	0	0.135869565217391	2.81972628598395	0.322662817355863	0	0	0	0.104426058317937	1.61098737936154	5.43916821849783	0	0.70953158357403	1.75938613318717	0
"RS-GCF-017968825.1-NZ-CP072874.1"	0	0	0	0	0	0.338983050847458	0.226874291017841	0	0	0	0	0	0.425404880961266	0	0	0	0	0	0	0.729232720355105
"RS-GCF-017968825.1-NZ-CP072874.1--4"	0	0	0	0	0	0	0.845622357430133	0	0	0	0	0	0.216434062243451	0	0	0	0	0	0.0822143052891203	0.174381737476221
"RS-GCF-018140635.1-NZ-CP073280.1--3"	0.187519533284717	0.364583333333333	0	0.434653758767164	0.245595301655099	0.568025652771415	0.959059502939053	0.36231884057971	0.47192071731949	0.772692536299567	1.56190836804241	0.439146800501882	0.291066497499813	0.570326933890272	0.957683741648107	0.387957790192427	0.305171859942178	0.257440663066683	0.257604823239244	0.324984147114775
"RS-GCF-018140635.1-NZ-CP073280.1--6"	0.239608292530472	0.260416666666667	0.144508670520231	0.424775264249728	0	0.338983050847458	0.340311436526761	0	0.637092968381312	0	0	0.430184620899803	0	1.38966985300024	0.475129918337045	0	0.265017667844523	0	0.657714442312962	0
"RS-GCF-018140635.1-NZ-CP073280.1--7"	0	0.34375	0	0	0	0	0.164999484376611	0	0	0	0.274517228322605	0	0	0.60245802875733	0	0.628491620111732	0	0.439532839382142	0.142504795834475	0
"RS-GCF-018140635.1-NZ-CP073280.1--8"	0	0	0	0	0	0	0	0	0.153374233128834	0	0	0	0	0	0	0	0	0.351626271505714	0	0.0554850982878884
"RS-GCF-018279895.1-NZ-CP042285.1--7"	0	0	0	0	0	0	0	0	0.235960358659745	0	0	0	0.141801626987089	0	0	0.287088764742396	0	0	0	0
"RS-GCF-018289275.1-NZ-CP072224.1--5"	0	0	0	0	0	0.16491067338525	0	0	0	0	0.236652783036729	0	0	0	0	0	0	0	0	0
"RS-GCF-018326305.1-NZ-AP023415.1--2"	0	0	0.922632281013784	0	0	0	0	0	0	0	0	0	0	0.353442043537634	0	0	0	0.113022730126837	0.153466703206358	0
"RS-GCF-018408575.1-NZ-AP023418.1--2"	0	0	0	0	0	0.119102153000458	0	0	0	0	0	0	0	0.313278174953812	0	0	0	0	0.191833379007947	0
"RS-GCF-018784225.1-NZ-WQOA01000013.1"	0.229190540681321	0.427083333333333	0	0.217326879383582	0	0.0916170407695831	0	0	0.188768286927796	0	0	0.0896217960207923	0.29852974102545	0.192786569202346	0	0.698324022346369	0	0	0.312414360098657	0.428027901077996
"RS-GCF-018785195.1-NZ-WQPJ01000023.1"	0.291697051776227	0	0	0.217326879383582	0	0.302336234539624	0	0	0	0	0	0.412260261695644	0.447794611538175	0	0.44543429844098	0.225015518311608	0	0.163255054627653	0.657714442312962	0
"RS-GCF-018785995.1-NZ-WQQU01000001.1"	0	0	0	0	0	1.21850664223546	0	0.30570652173913	0	0	0.321847784929951	0	0.410478393909993	0	0	0	0.128493414712496	0	1.03041929295697	0.142675967025999
"RS-GCF-018918345.1-NZ-JAHLQI010000017.1"	0	0	0	0	0	0	0	0	0	0.237751549630636	0	0	0.679155160832898	0	0.282108389012621	0	0	0	0.208276240065771	0
"RS-GCF-019041655.1-NZ-JAHPXT010000088.1"	0	0.53125	0	0	0	0	0	0.169836956521739	0	0.237751549630636	0	0	0	3.64687926741104	0	0	0	0	1.00849547821321	0
"RS-GCF-019052365.1-NZ-JAHQUY010000121.1"	0	0	0	1.9460634199348	0	0	0	0	0	0	0	0	2.56735577281887	0	0	0	0	0	0.115100027404768	0
"RS-GCF-019127485.1-NZ-JAHOER010000154.1"	0	10.3229166666667	0.0555802578923966	0	0	0	0	0	0	0	0	0	0	0	0	0	0	0	0.553576322280077	7.38744451490171
"RS-GCF-019130915.1-NZ-JAHOLF010000125.1"	3.69830190644859	1.82291666666667	1.0226767452201	0.424775264249728	1.77255739455419	2.52863032524049	4.18686191605651	0.226449275362319	2.98489853704578	3.33701282160143	0.899280575539568	1.35328911991396	0.462721098589447	1.85557072857258	0.876020786933927	0	22.1651140379056	0.766042948637448	6.54973965469992	0.856055802155992
"RS-GCF-019131775.1-NZ-JAHOMZ010000080.1"	0	0	0	0	0.939668980245595	9.39074667888227	0	0	0	0	0	0	0	0	0	0	0	0.138138892377245	0.482323924362839	5.42961318960051
"RS-GCF-900106845.1-NZ-LT629849.1"	0.968850921971039	0	0	0	0.309663641217298	0	0	0	0.25955639452572	0.178313662222977	0	0	0	0	0.267260579064588	0	0	0	0	0
"RS-GCF-900209925.1-NZ-LT907978.1"	0	0	0	0	0	0	0	0	0.247758376592732	0.1868047889955	0	0	0	0	0	0	0	0	0	0
"RS-GCF-900209925.1-NZ-LT907978.1--4"	0	0.229166666666667	0.377945753668297	0	0	0	0	0.0905797101449275	0.448324681453516	0.161331408677932	0	0.430184620899803	0	0	0.334075723830735	0	0	0.0376742433756122	0	0.142675967025999
"RS-GCF-900217715.1-NZ-OBMS01000001.1"	0.593811855401604	0.427083333333333	1.48955091151623	1.15578385853996	0.715429791777896	0.421438387540082	0.505310920903372	1.32472826086957	0.778669183577159	0	3.46459674365771	7.5909661229611	1.3583103216658	1.34950598441642	0.705270972531552	0	0	0	1.75938613318717	1.05421686746988
"RS-GCF-900537995.1-NZ-LR027880.1"	0	0	0	0	0	0	0	0	0	0	0.283983339644074	0	0	0.409671459554984	0	0	0	0	0	0
"RS-GCF-900624755.1-NZ-UYXI01000001.1"	0.135430774038962	0.135416666666667	0	0	0	0	0	0	0	0	0	0	0.126875139935816	0	0.111358574610245	0.147423960273122	0	0	0	0.0554850982878884
"RS-GCF-900624775.1-NZ-UYXH01000026.1"	0	0	0	0	0	0	0	0	0	0.857603804024794	0	0	0.35823568923054	0	0	0	0	0	0	0
"RS-GCF-902143525.1-NZ-CABFVC010000001.1"	0	0	0	0	0	0	0	0	0.12977819726286	0	0.293449450965543	0	0	0	0	0	0	0	0	0
"RS-GCF-902167665.1-NZ-CABHNA010000090.1"	0	0.375	0.900400177856825	0.691494616220488	0.448478376935398	0.861200183234082	0.226874291017841	0.543478260869565	0.318546484190656	0.534940986668931	0	0.57357949453307	0.925442197178894	1.35753875813318	1.0913140311804	0	0	1.50069069446189	0.570019183337901	0.586556753329106
"RS-GCF-902364275.1-NZ-CABJDF010000002.1"	0	0.260416666666667	0	0	0	0	0	0.441576086956522	0.613496932515337	6.33438057230194	0	0	0.395551906858721	0	0.74981440237565	1.35785226567349	0	0	0.40559057275966	0
"RS-GCF-902364815.1-NZ-CABJFJ010000001.1"	0	0	0	0	0	0	0	0	0	0	0	0	0	0	0	0	0	0.533718447821173	0.520690600164429	0
"RS-GCF-902366815.1-NZ-CABJMX010000128.1"	0	0.489583333333333	0.155624722098711	0	0	0	0	0	0	0	0	0	0	0	0	0	0	0	0	0
"RS-GCF-902388275.1-NZ-LR699017.1--2"	0	1.28125	1.11160515784793	1.04712041884817	0.555258942872397	1.81401740723775	0.69093534082706	0.283061594202899	0.837659273242095	0	1.30632336236274	1.49668399354723	0.41794163743563	2.89983131175195	0	0.364680322780881	3.01959524574366	0.577671731759387	1.18936694984927	0
"RS-GCF-902388275.1-NZ-LR699017.1--6"	0	0	0	0	0	0	0	0	0	0.670799015029294	0	0.322638465674852	0	0	0	0	0	0.138138892377245	0	0.261572606214331
"RS-GCF-902497415.1-NZ-LR700063.1"	0	1.02083333333333	0	0	1.78323545114789	0.778744846541457	0	1.18885869565217	0.778669183577159	0	0	0	0	0	0.853749072011878	0	0	0	0.44395724856125	0
"RS-GCF-902497425.1-NZ-CABVEJ010000001.1"	0	0	0	0	0.298985584623598	0	0	0	0.47192071731949	0	0	0	0	0	0	0	0	0.144417932939847	0.504247739106604	0
"RS-GCF-902497425.1-NZ-CABVEJ010000002.1"	0	0.583333333333333	0.477990217874611	0	0.747463961558996	0	0.680622873053522	0	0.188768286927796	0	0	0	0	0	0	0.279329608938547	0	0.207208338565867	0.465881063305015	0
"RS-GCF-902497425.1-NZ-CABVEJ010000002.1--2"	0.125013022189811	0	0	0	0	0.412276683463124	0	0	0	0	0	0	0	1.99212788175757	0	0	1.07613234821715	0.583950772321989	0	0
"RS-GCF-902497435.1-NZ-CABVEM010000006.1"	0	0	0.133392618941752	0	0	0	0	0	0	0	0	0	0	0	0	0	0	0.219766419691071	0	0
"RS-GCF-910576095.1-NZ-CAJTHI010000031.1"	0	0	0	0.108663439691791	0	0	0	0	0	0	0	0	0	0	0	0	0	0.106743689564235	0	0
